0.097824 0.159712 0.227744 9.414880 3.603072
0.097600 0.155392 0.224576 9.402560 3.554976
0.098144 0.156032 0.223104 9.527328 3.510176
0.098176 0.159104 0.220928 9.429504 3.535936
0.097568 0.155968 0.221664 9.057216 3.515584
0.097408 0.158592 0.220512 9.619808 3.541632
0.097888 0.158592 0.222016 9.138144 3.538144
0.097600 0.155520 0.225792 9.787520 3.551648
0.094752 0.151680 0.217312 9.042848 3.532128
0.095008 0.151776 0.218016 9.045312 3.521280
0.095040 0.152640 0.220448 9.037536 3.501056
0.095488 0.155488 0.219680 9.024512 3.527648
0.095456 0.153888 0.219456 8.771840 3.527008
0.095328 0.152160 0.214176 8.831840 3.536320
0.095040 0.154528 0.218496 8.628704 3.496896
0.095520 0.152160 0.219168 9.245600 3.505088
0.095104 0.154432 0.220672 9.154656 3.540544
0.095008 0.152960 0.222624 8.920192 3.530112
0.100576 0.157280 0.216736 10.084224 3.516320
0.094944 0.154208 0.214304 9.050240 3.519616
0.095296 0.154336 0.216928 8.875232 3.510976
0.094880 0.150112 0.215232 8.861824 3.506336
0.094880 0.154752 0.221888 8.853536 3.508960
0.094752 0.153536 0.219616 9.008832 3.515296
0.094944 0.154400 0.216832 8.910656 3.505120
0.094720 0.150592 0.220992 9.077792 3.518304
0.097088 0.152608 0.218880 9.127392 3.499136
0.096160 0.154272 0.224992 9.231040 3.506880
0.095776 0.154560 0.217728 9.093472 3.511456
0.096000 0.155296 0.216928 9.169440 3.509056
0.095712 0.154720 0.215328 9.065472 3.536512
0.096064 0.152160 0.219648 8.885792 3.499424
0.096128 0.153472 0.219456 9.237248 3.504928
0.096256 0.155680 0.223872 9.164576 3.519904
0.096192 0.153888 0.216096 9.184576 3.507456
0.096352 0.154368 0.219520 9.295936 3.509600
0.095776 0.152160 0.219744 9.030432 3.510400
0.096320 0.151392 0.218848 8.859040 3.522656
0.096160 0.155680 0.215488 9.427104 3.518688
0.096352 0.154592 0.217152 9.282368 3.512736
0.096032 0.156768 0.214688 9.351200 3.529472
0.095936 0.155200 0.219744 8.993536 3.496512
0.095968 0.152352 0.217152 9.007648 3.495584
0.096288 0.153600 0.220192 9.128160 3.537568
0.095584 0.153472 0.221504 9.231200 3.513856
0.096032 0.151936 0.216192 8.745248 3.526016
0.096416 0.156224 0.218720 9.224992 3.516896
0.096224 0.153216 0.221120 8.963904 3.525376
0.103104 0.158656 0.217312 9.796448 3.540064
0.095936 0.153888 0.223648 9.323104 3.530848
0.095936 0.153536 0.220832 9.190656 3.519776
0.096224 0.153728 0.214880 8.974496 3.504896
0.096512 0.158784 0.224032 9.131392 3.509216
0.096192 0.153536 0.213440 8.626208 3.519424
0.096000 0.156512 0.221920 8.937856 3.515168
0.095904 0.153504 0.220320 8.826528 3.502656
0.096064 0.155584 0.219328 9.246912 3.514432
0.095968 0.155488 0.213248 9.242016 3.519488
0.096416 0.155520 0.221984 8.950720 3.515008
0.096128 0.151360 0.216352 9.240640 3.512608
0.096128 0.152480 0.221312 9.130272 3.485952
0.096608 0.156384 0.218464 9.124128 3.508544
0.096704 0.153664 0.218656 9.366304 3.520576
0.097120 0.155008 0.217504 9.281280 3.506848
0.096192 0.154464 0.219616 8.765888 3.501888
0.095776 0.152256 0.214848 9.107232 3.497888
0.095680 0.156928 0.221248 9.110336 3.508928
0.095584 0.153216 0.217312 9.375392 3.500896
0.096224 0.153056 0.219136 9.091584 3.508608
0.096608 0.155392 0.218496 9.122432 3.507168
0.095712 0.153056 0.216832 8.942464 3.523104
0.096320 0.151584 0.219968 9.172448 3.510880
0.096128 0.154304 0.214624 9.155136 3.529088
0.096128 0.155296 0.215616 8.921376 3.509536
0.095712 0.156960 0.218048 9.129984 3.527360
0.095680 0.154784 0.212256 8.883968 3.507616
0.096256 0.153792 0.221952 8.913696 3.528640
0.096352 0.155456 0.219520 9.234368 3.523424
0.103200 0.159232 0.217920 10.161088 3.508192
0.096352 0.156512 0.217216 9.153056 3.516000
0.096224 0.154528 0.220576 9.154656 3.501856
0.095904 0.152224 0.220640 9.161152 3.514400
0.095936 0.154304 0.222080 8.973920 3.507488
0.096160 0.154304 0.217216 8.951776 3.506528
0.096032 0.151520 0.219008 8.636416 3.501408
0.096288 0.153792 0.220224 8.851264 3.507008
0.096256 0.156192 0.219680 8.633216 3.493184
0.096288 0.153888 0.214560 9.134048 3.496320
0.097280 0.155456 0.217760 9.007360 3.499872
0.096032 0.154720 0.221088 9.209824 3.517472
0.096256 0.152480 0.216928 9.091808 3.538912
0.095648 0.155040 0.223520 9.170336 3.506720
0.096096 0.154368 0.222848 9.116544 3.512224
0.096704 0.154048 0.216928 8.958816 3.524800
0.096768 0.176224 0.221920 9.172992 3.528512
0.096320 0.152768 0.213440 8.998208 3.518016
0.096448 0.154656 0.217472 8.815616 3.525184
0.096160 0.152256 0.214720 9.240512 3.513184
0.096224 0.154848 0.217952 8.868608 3.510464
0.095904 0.152576 0.218656 9.133984 3.498752
0.096064 0.154496 0.216512 9.079488 3.510304
0.096192 0.152896 0.218656 9.353408 3.521696
0.096480 0.153056 0.220544 9.181504 3.503680
0.096480 0.156160 0.218848 8.965664 3.499552
0.096448 0.155424 0.217728 8.609344 3.484384
0.096480 0.153632 0.216544 9.232096 3.529344
0.096096 0.156544 0.219648 8.613248 3.491520
0.095776 0.154048 0.217952 8.754560 3.515744
0.102528 0.160480 0.218560 10.009728 3.522464
0.096832 0.155616 0.217760 9.141824 3.521376
0.095968 0.155008 0.219168 9.227520 3.514784
0.095968 0.153504 0.218080 9.276768 3.522528
0.095936 0.154208 0.219232 9.192192 3.501408
0.096160 0.153984 0.212736 9.451776 3.518752
0.095872 0.153056 0.220992 9.075776 3.506080
0.096448 0.154496 0.213984 8.845824 3.517760
0.096288 0.151744 0.219200 9.071072 3.515264
0.095712 0.153952 0.220928 8.732128 3.491328
0.096000 0.153856 0.224032 9.052128 3.513248
0.095840 0.154208 0.215296 9.178560 3.514304
0.096352 0.156416 0.212064 8.596544 3.501760
0.096000 0.152192 0.223264 8.784576 3.520928
0.095872 0.156000 0.218720 8.700416 3.487328
0.096864 0.154816 0.216000 9.093696 3.503552
0.096448 0.154016 0.217024 8.914592 3.501888
0.095872 0.156320 0.221024 8.886656 3.502944
0.095872 0.154624 0.220288 9.323136 3.524096
0.096096 0.156352 0.217344 8.743840 3.494816
0.096320 0.155744 0.219392 9.264448 3.533280
0.096032 0.154048 0.216480 8.635616 3.508000
0.096096 0.158080 0.215424 9.196864 3.511808
0.095456 0.155744 0.213856 8.636384 3.501056
0.095776 0.153888 0.213568 8.754976 3.491424
0.095840 0.152192 0.220736 9.075584 3.520256
0.095872 0.158336 0.218816 9.243872 3.492384
0.096160 0.151936 0.220032 9.089984 3.502144
0.095936 0.155168 0.218048 9.224192 3.542496
0.096032 0.155680 0.220096 9.144992 3.529344
0.102816 0.160736 0.215136 9.709440 3.519520
0.096416 0.153056 0.218400 8.642400 3.498432
0.095552 0.155360 0.214272 9.009664 3.505312
0.096160 0.151712 0.218336 8.699360 3.513248
0.096256 0.155744 0.221376 9.264704 3.510656
0.095904 0.154976 0.219904 9.145632 3.521664
0.096192 0.157760 0.218176 8.754272 3.513280
0.095424 0.155456 0.223584 8.763200 3.520960
0.095904 0.155232 0.218176 8.624032 3.505952
0.095904 0.156288 0.216928 9.078528 3.526272
0.096480 0.151744 0.220896 8.720544 3.508960
0.095968 0.152640 0.211968 9.026656 3.496160
0.096256 0.152064 0.214816 8.595232 3.505088
0.095520 0.154528 0.216800 9.303488 3.509056
0.096448 0.155776 0.224864 9.109888 3.517376
0.096704 0.152544 0.212928 8.810464 3.515552
0.096608 0.154624 0.214848 9.249824 3.490656
0.095744 0.152608 0.218816 9.416832 3.522400
0.095872 0.152704 0.228544 8.867008 3.490976
0.095904 0.153600 0.217120 9.041024 3.499200
0.096224 0.155712 0.217312 9.148800 3.483456
0.095872 0.155200 0.217408 9.041536 3.514816
0.095776 0.154208 0.218176 8.639936 3.491104
0.095872 0.151904 0.217120 9.230368 3.501344
0.095968 0.156480 0.228288 8.959456 3.521344
0.096576 0.153952 0.218528 9.302496 3.526720
0.096544 0.158048 0.218432 9.206464 3.526784
0.096672 0.152672 0.217120 9.165024 3.510784
0.095776 0.155328 0.216704 9.406336 3.521984
0.096064 0.153760 0.215168 9.352768 3.530816
0.104256 0.162304 0.225152 10.209248 3.535104
0.096320 0.157120 0.222016 8.904032 3.507552
0.095904 0.154176 0.217344 9.229056 3.528640
0.096096 0.152960 0.216576 9.199616 3.528896
0.095936 0.154368 0.219520 9.187392 3.542784
0.096576 0.154368 0.228768 9.054784 3.510880
0.096000 0.152032 0.216128 9.168096 3.540640
0.096288 0.153888 0.212800 9.091776 3.485600
0.096128 0.155744 0.215520 9.062208 3.510784
0.096256 0.152448 0.220576 9.264384 3.528192
0.096256 0.155872 0.217600 8.776928 3.531872
0.096096 0.154944 0.221152 9.079936 3.518912
0.096000 0.156768 0.224576 9.315616 3.518880
0.095808 0.152256 0.220160 9.206080 3.487936
0.095904 0.154400 0.218272 9.105728 3.526080
0.096608 0.153984 0.216576 9.017472 3.537536
0.095776 0.153632 0.210752 9.125056 3.506208
0.096672 0.152608 0.216192 9.459616 3.514688
0.095488 0.155392 0.216736 9.411232 3.529824
0.095584 0.155232 0.215904 8.678080 3.479744
0.096384 0.154944 0.219392 9.063520 3.506720
0.095712 0.153632 0.220128 8.928704 3.520320
0.095936 0.153088 0.221856 9.000480 3.521504
0.096032 0.152256 0.216512 9.261984 3.529088
0.096544 0.154656 0.219648 9.392704 3.510592
0.097184 0.154624 0.215616 9.101824 3.510656
0.095808 0.155232 0.217472 9.174176 3.487776
0.096064 0.154016 0.218752 8.961280 3.513504
0.096448 0.154880 0.214976 8.965760 3.517664
0.095520 0.152896 0.214464 9.115968 3.507328
0.103296 0.163392 0.217408 10.125760 3.529952
0.095968 0.153344 0.221824 9.090304 3.511104
0.096000 0.154848 0.214112 9.167616 3.516800
0.095968 0.152992 0.219392 9.096672 3.517152
0.096224 0.154912 0.221600 8.698208 3.492352
0.096608 0.153568 0.221376 9.239552 3.511712
0.095808 0.152352 0.219712 9.074560 3.516032
0.095552 0.154432 0.220096 9.123936 3.513728
0.096704 0.158528 0.215520 8.817568 3.513600
0.096544 0.152896 0.227360 8.996416 3.514112
0.096128 0.153312 0.218208 9.117824 3.522304
0.096448 0.152640 0.222976 9.067520 3.504096
0.096416 0.156960 0.218592 9.128704 3.521600
0.095488 0.152672 0.219040 8.869184 3.511424
0.096064 0.153216 0.213920 9.128128 3.493696
0.096736 0.153888 0.221856 9.036416 3.519808
0.096064 0.153888 0.216352 9.308064 3.507904
0.096160 0.152864 0.224416 9.172224 3.519040
0.095744 0.156128 0.224160 9.100416 3.514432
0.095712 0.155680 0.217504 9.266528 3.495968
0.096576 0.156576 0.216192 9.125792 3.516800
0.095776 0.154432 0.214272 8.990816 3.531072
0.096256 0.151968 0.218112 8.918464 3.520928
0.096224 0.151904 0.224512 9.023776 3.520352
0.096544 0.152192 0.215904 9.033280 3.502080
0.096480 0.157120 0.213312 9.003296 3.520640
0.096032 0.153472 0.222688 9.200544 3.519584
0.095808 0.153984 0.220928 8.724128 3.501472
0.095328 0.151776 0.216576 8.868096 3.521920
0.096384 0.152608 0.215520 9.033440 3.516096
0.102560 0.161440 0.221536 10.790080 3.552896
0.096352 0.152832 0.222240 9.062400 3.500512
0.096064 0.155936 0.217920 9.036832 3.504416
0.095776 0.154432 0.222048 9.019008 3.498496
0.095904 0.153760 0.217216 9.205440 3.526848
0.095936 0.152544 0.217024 8.735712 3.460512
0.093984 0.148864 0.217056 9.150720 3.498496
0.093696 0.149888 0.211424 8.973408 3.522496
0.093696 0.149056 0.212224 8.987648 3.494432
0.093600 0.150368 0.209536 8.991520 3.486048
0.093792 0.149184 0.218624 8.618752 3.488768
0.093920 0.149664 0.213792 8.459392 3.470912
0.093824 0.151136 0.215136 8.742656 3.453184
0.093632 0.149952 0.208512 9.143392 3.495168
0.093728 0.150752 0.208832 8.442944 3.481920
0.094240 0.150720 0.212576 8.360736 3.490496
0.093088 0.150944 0.211840 9.154784 3.499968
0.094016 0.151968 0.213472 8.980288 3.490272
0.093152 0.150848 0.212896 8.704096 3.476512
0.093760 0.149344 0.211264 8.367168 3.487680
0.093440 0.150560 0.213696 9.132416 3.495360
0.093248 0.150464 0.212864 9.028480 3.494688
0.093920 0.151200 0.210208 8.687296 3.481152
0.093824 0.149120 0.213792 9.167744 3.474912
0.094176 0.148960 0.207680 9.110496 3.498688
0.093600 0.148896 0.213248 8.988736 3.503040
0.094816 0.150304 0.210976 8.669472 3.474144
0.093376 0.149024 0.212320 8.965376 3.494016
0.093696 0.152160 0.209952 8.604320 3.481216
0.093760 0.150880 0.214944 8.884032 3.503776
0.099936 0.156608 0.214784 9.647520 3.508928
0.095008 0.148608 0.209696 8.486144 3.491104
0.093280 0.148416 0.212800 8.871648 3.501600
0.093888 0.150400 0.209888 9.022912 3.484736
0.093632 0.151360 0.218368 8.361856 3.490688
0.093824 0.148864 0.208640 8.848384 3.448832
0.093760 0.150720 0.214848 8.989952 3.489504
0.094112 0.149568 0.223808 8.984608 3.495360
0.093088 0.151712 0.215264 8.647200 3.479584
0.093952 0.150880 0.215072 9.013024 3.502112
0.093248 0.149856 0.210272 8.943808 3.494400
0.094112 0.152640 0.210112 8.602240 3.469120
0.093952 0.149376 0.221184 8.770656 3.472960
0.094240 0.152640 0.213344 8.932384 3.504960
0.093824 0.150144 0.211264 9.021824 3.493472
0.094752 0.148736 0.212672 8.929632 3.491488
0.093984 0.149696 0.215936 9.010112 3.498624
0.093952 0.149824 0.211264 8.748032 3.454848
0.093536 0.151968 0.216160 8.834784 3.497792
0.094304 0.149632 0.208832 8.924288 3.483712
0.093536 0.151488 0.212704 9.043360 3.503808
0.094112 0.149440 0.212448 8.710848 3.479680
0.093792 0.151200 0.212000 8.667776 3.479264
0.093376 0.153248 0.213088 8.947328 3.492576
0.093408 0.150176 0.211040 8.828864 3.466624
0.093888 0.171648 0.213920 8.619936 3.466752
0.093408 0.148896 0.217824 8.390624 3.486304
0.093440 0.149184 0.212672 9.069280 3.498816
0.093536 0.150336 0.213280 8.567968 3.467936
0.094144 0.150080 0.214880 8.551232 3.488064
0.100960 0.157472 0.210464 9.802528 3.494016
0.094272 0.149632 0.217792 8.953696 3.498112
0.093472 0.148992 0.214848 8.809056 3.487264
0.093888 0.150304 0.215296 8.734528 3.481088
0.094208 0.148896 0.213056 8.722144 3.469472
0.093632 0.148704 0.213440 8.932896 3.474048
0.093568 0.148416 0.215008 8.510976 3.458880
0.094112 0.148512 0.208800 8.926144 3.495520
0.094336 0.149440 0.213216 8.831936 3.512096
0.093408 0.148960 0.209856 8.284032 3.469792
0.094080 0.150368 0.216160 8.919392 3.505536
0.093504 0.149696 0.212480 8.822656 3.489824
0.094688 0.149856 0.214112 8.642816 3.477792
0.093152 0.149856 0.213184 8.906784 3.492832
0.094432 0.150528 0.214432 8.878592 3.465536
0.093888 0.152800 0.220064 8.524160 3.481280
0.093632 0.150976 0.208288 8.886944 3.485248
0.094176 0.150784 0.215744 8.973824 3.490784
0.093888 0.150304 0.216416 8.748928 3.479104
0.094208 0.148448 0.208960 8.579104 3.486048
0.093952 0.149984 0.212320 8.910592 3.524768
0.094176 0.149760 0.209248 8.728160 3.471616
0.093952 0.150304 0.217696 8.728064 3.479360
0.093856 0.149856 0.209600 8.445664 3.476672
0.093568 0.148832 0.208832 8.730944 3.478592
0.093344 0.149472 0.217856 9.054848 3.485472
0.093344 0.153120 0.210848 9.159328 3.509152
0.094080 0.150240 0.206656 9.203648 3.496640
0.094496 0.150208 0.214048 8.913760 3.491328
0.093888 0.152096 0.216576 8.496960 3.483904
0.099424 0.155840 0.215328 9.911488 3.514432
0.094048 0.151008 0.216768 8.812064 3.482240
0.093856 0.150080 0.214560 8.596544 3.470720
0.094240 0.150368 0.210048 8.712000 3.471616
0.093696 0.148704 0.211520 9.010560 3.491296
0.093920 0.150816 0.209952 8.869952 3.469888
0.093792 0.148608 0.211616 8.886592 3.508224
0.093600 0.150208 0.212608 8.830624 3.507904
0.094144 0.149824 0.215456 8.507648 3.479712
0.093856 0.150336 0.218336 8.837344 3.477536
0.093408 0.150624 0.212608 8.927968 3.501504
0.093984 0.149792 0.211456 8.958368 3.492480
0.093152 0.149824 0.216768 8.757216 3.475904
0.093856 0.149312 0.210720 8.842016 3.479584
0.094016 0.151264 0.209088 8.822688 3.481984
0.094080 0.151520 0.211232 9.020992 3.492896
0.093376 0.151008 0.211808 9.027936 3.481088
0.094080 0.149376 0.214912 9.030304 3.480224
0.093344 0.149824 0.216352 8.723456 3.467616
0.093824 0.151488 0.212384 8.950752 3.498176
0.094368 0.149536 0.212992 8.965632 3.514848
0.093952 0.150240 0.211296 8.810688 3.468256
0.093376 0.149568 0.210976 8.912480 3.491904
0.094016 0.149024 0.212192 8.726112 3.482816
0.093632 0.149088 0.211552 8.571168 3.471328
0.093568 0.149280 0.213984 8.739456 3.483328
0.094304 0.149248 0.210304 8.938368 3.480352
0.093728 0.149152 0.212608 8.897504 3.491584
0.093728 0.150848 0.216672 9.040928 3.487680
0.093856 0.148640 0.214464 8.931968 3.498560
0.099872 0.158304 0.210240 9.860448 3.502240
0.093952 0.149344 0.217792 8.807712 3.463392
0.094080 0.150240 0.213504 8.883232 3.480896
0.093024 0.151456 0.216032 8.972928 3.493824
0.094144 0.149984 0.213856 8.850848 3.502080
0.093600 0.148960 0.212224 9.088160 3.496480
0.093600 0.151360 0.207424 8.712864 3.475680
0.093728 0.150368 0.214176 9.022560 3.493152
0.094112 0.150880 0.209664 8.823104 3.469376
0.093696 0.150976 0.214560 8.969952 3.472320
0.093344 0.151424 0.216768 8.793984 3.518784
0.093632 0.150880 0.212256 8.697888 3.492672
0.093568 0.149760 0.217056 8.649888 3.488800
0.093472 0.150720 0.214752 9.031328 3.491584
0.093568 0.149248 0.208640 8.849280 3.461696
0.094208 0.151328 0.209184 8.717376 3.449216
0.093792 0.153088 0.208928 8.698400 3.488064
0.093952 0.149344 0.214336 8.805824 3.500448
0.093984 0.150944 0.213888 8.733696 3.487008
0.093856 0.149024 0.210432 8.772896 3.501888
0.093504 0.150304 0.207680 8.803872 3.473120
0.093824 0.149216 0.211872 8.934880 3.490176
0.093984 0.147840 0.215616 8.611264 3.484064
0.093920 0.151104 0.212544 8.923872 3.487520
0.093984 0.152736 0.217120 9.066080 3.498144
0.093600 0.153280 0.211456 8.821472 3.465184
0.093728 0.149504 0.210784 9.068512 3.487328
0.093824 0.149536 0.217408 8.934784 3.499552
0.093920 0.149056 0.211008 9.023424 3.479200
0.093824 0.149600 0.214784 8.645376 3.481760
0.100160 0.157312 0.212576 10.118432 3.526304
0.094624 0.151104 0.213056 8.867808 3.496096
0.093952 0.149408 0.212832 9.074464 3.487712
0.093632 0.151520 0.215104 8.973312 3.518880
0.093824 0.149184 0.213632 9.056416 3.481504
0.093856 0.149984 0.212384 8.518976 3.489536
0.093632 0.149856 0.211840 9.001728 3.496064
0.093408 0.150592 0.212032 9.196800 3.489056
0.093696 0.150496 0.219232 8.963040 3.504704
0.094784 0.156224 0.212832 8.840448 3.465856
0.093920 0.148224 0.212608 9.077504 3.519776
0.093568 0.150176 0.211776 8.870368 3.479072
0.093760 0.150272 0.213440 8.508224 3.476672
0.093376 0.151040 0.209184 8.947808 3.496896
0.093568 0.149664 0.215072 8.582400 3.471392
0.094208 0.148512 0.207264 8.943456 3.474592
0.093472 0.150656 0.215648 8.958528 3.498464
0.094400 0.149952 0.209920 8.739968 3.462144
0.094112 0.148768 0.215968 8.855680 3.485152
0.094240 0.148992 0.215584 8.845568 3.485632
0.093696 0.149408 0.208992 8.809824 3.470016
0.093536 0.149248 0.214496 8.901760 3.497824
0.093600 0.149600 0.213504 8.674752 3.485664
0.093664 0.148800 0.212032 8.719648 3.476928
0.094112 0.148864 0.211296 8.715616 3.477344
0.093856 0.149376 0.212128 8.530752 3.482432
0.093728 0.149376 0.222560 8.931296 3.472384
0.093696 0.149248 0.213056 9.023936 3.490464
0.093600 0.149920 0.211360 8.870784 3.507904
0.093920 0.149120 0.214336 8.872128 3.476512
0.107776 0.154304 0.212992 10.508160 3.519808
0.093984 0.150592 0.213760 8.905056 3.493952
0.093760 0.149280 0.211648 8.878880 3.489952
0.093696 0.149152 0.216160 8.394400 3.470272
0.094016 0.153632 0.210976 8.782208 3.518976
0.094560 0.148928 0.214880 8.731552 3.497888
0.093600 0.150784 0.211488 9.025280 3.480352
0.093600 0.149792 0.217856 8.857216 3.507328
0.094144 0.153696 0.212384 8.819136 3.493632
0.093952 0.149344 0.217472 8.585088 3.482752
0.095008 0.148640 0.209408 8.775360 3.467936
0.094048 0.149952 0.216480 8.946368 3.512544
0.094176 0.149216 0.216192 9.026208 3.484096
0.093728 0.149056 0.214016 9.215136 3.496928
0.093472 0.150112 0.210752 8.985056 3.496736
0.093632 0.151232 0.207136 8.579232 3.478176
0.093216 0.151744 0.214976 8.737984 3.467648
0.094016 0.148704 0.212064 9.140288 3.491488
0.094368 0.147904 0.217760 8.530112 3.474720
0.093600 0.150720 0.214880 8.916544 3.488640
0.093920 0.148736 0.215680 8.631008 3.481824
0.093824 0.148448 0.212256 8.528640 3.506464
0.093856 0.152640 0.214112 8.804096 3.458112
0.093824 0.148256 0.208864 8.734720 3.477472
0.094368 0.150240 0.214944 8.728832 3.483488
0.093600 0.151296 0.212384 8.918528 3.477312
0.094048 0.151808 0.213408 8.911392 3.487552
0.093792 0.149344 0.210688 8.978528 3.505088
0.093728 0.150528 0.215968 8.703264 3.474816
0.093664 0.152896 0.217568 9.131200 3.520544
0.101216 0.156864 0.213568 10.414432 3.501376
0.094080 0.150240 0.219200 8.923072 3.501056
0.093472 0.150496 0.221472 8.750784 3.469184
0.093824 0.150880 0.210400 8.973568 3.487520
0.093952 0.152000 0.211584 8.809216 3.461664
0.093504 0.148384 0.208288 8.926592 3.502816
0.094496 0.150304 0.215360 8.987744 3.495168
0.094176 0.150208 0.214144 8.865856 3.494720
0.093632 0.153376 0.212928 8.828992 3.451712
0.093568 0.151264 0.211840 8.866784 3.484704
0.093504 0.150368 0.211296 8.803296 3.502784
0.093632 0.149792 0.217344 8.731488 3.483648
0.093568 0.150688 0.214880 8.733120 3.467584
0.093632 0.151584 0.219104 9.147584 3.500064
0.093760 0.150976 0.210240 8.816768 3.494336
0.094400 0.148672 0.212224 8.749472 3.479328
0.093536 0.150400 0.213408 8.690272 3.472128
0.094496 0.149536 0.212128 8.993856 3.495232
0.093856 0.150240 0.214048 8.605376 3.470912
0.094240 0.149312 0.215680 8.918400 3.492800
0.094016 0.149920 0.212000 8.955072 3.495392
0.093696 0.148704 0.209440 9.087392 3.510784
0.093632 0.151680 0.210112 8.758688 3.491104
0.093728 0.149856 0.214944 8.672896 3.503072
0.093568 0.148864 0.214176 8.526112 3.477824
0.093632 0.149088 0.212000 9.020768 3.477600
0.093408 0.149344 0.209088 8.903104 3.482432
0.094304 0.148640 0.217696 8.751616 3.470464
0.093248 0.149632 0.208704 8.850592 3.474112
0.094528 0.151008 0.210976 8.817152 3.490656
0.100288 0.158752 0.211360 9.603424 3.516992
0.094400 0.151328 0.212224 8.927360 3.496480
0.094144 0.152704 0.219008 9.091136 3.488160
0.094304 0.150144 0.211104 8.284384 3.470560
0.093888 0.172128 0.213504 8.840448 3.473472
0.093408 0.153376 0.212096 8.638720 3.480256
0.093696 0.148768 0.208736 8.853024 3.462272
0.093824 0.151584 0.215968 8.996864 3.482976
0.093824 0.148512 0.217760 9.126368 3.516224
0.093792 0.152224 0.210912 8.926080 3.486528
0.093696 0.151360 0.210400 8.893888 3.469728
0.093568 0.148320 0.212064 9.002912 3.503296
0.093760 0.153632 0.206848 8.902848 3.489280
0.093376 0.149984 0.210976 8.685120 3.475712
0.094112 0.149280 0.220192 8.881504 3.512608
0.094240 0.150400 0.209216 8.891008 3.503008
0.093120 0.150944 0.211328 8.540064 3.467584
0.094176 0.148576 0.214176 8.804064 3.475552
0.093472 0.152960 0.214336 9.015456 3.491616
0.093408 0.150880 0.215008 8.893408 3.522688
0.094112 0.149216 0.212032 8.785952 3.501088
0.094144 0.148320 0.213248 8.983680 3.516448
0.093184 0.149888 0.211936 8.629568 3.485056
0.093760 0.150304 0.212352 8.951616 3.501856
0.093504 0.149888 0.213152 9.072832 3.493056
0.093824 0.149760 0.213760 8.994720 3.475040
0.093696 0.150784 0.210656 8.917120 3.471776
0.093280 0.152320 0.220640 9.068288 3.476608
0.094048 0.150688 0.214944 8.333984 3.482752
0.093856 0.150848 0.214400 8.868480 3.500000
0.099328 0.158400 0.212576 10.329152 3.502144
0.094048 0.149920 0.217312 9.030720 3.495904
