0.097952 0.157664 0.500032 10.272800 3.609824
0.108384 0.167808 0.496256 10.405216 3.904512
0.101120 0.166944 0.511072 10.076800 3.561952
0.099264 0.158240 0.508480 9.973088 3.567904
0.098528 0.160032 0.501600 9.988768 3.537408
0.096672 0.154368 0.487008 9.815520 3.549408
0.096192 0.153248 0.479392 10.007328 3.553376
0.095968 0.154656 0.488160 9.838112 3.572096
0.098080 0.155904 0.486624 9.845792 3.564064
0.096448 0.155776 0.486528 9.211776 3.521856
0.090080 0.143296 0.459296 9.294144 3.507616
0.090144 0.143904 0.460384 9.267776 3.529344
0.090048 0.147840 0.456800 9.157024 3.502368
0.089824 0.142816 0.447712 9.063360 3.512320
0.090176 0.143872 0.457312 9.165088 3.512864
0.088736 0.141568 0.452928 8.942048 3.487360
0.089216 0.140640 0.447616 9.068096 3.517248
0.089184 0.143360 0.444256 9.002720 3.516160
0.089632 0.142112 0.444576 8.739424 3.513440
0.088224 0.141472 0.451648 9.204576 3.488032
0.088640 0.139392 0.450336 8.879360 3.493536
0.088736 0.141824 0.443744 9.043040 3.507680
0.088352 0.139872 0.451648 9.065056 3.496448
0.088288 0.140576 0.454112 8.922304 3.495744
0.088992 0.140608 0.453024 8.925024 3.494496
0.088064 0.141632 0.445824 8.857696 3.521376
0.088608 0.139840 0.445696 9.045760 3.516128
0.089344 0.142240 0.444256 9.265440 3.505152
0.088832 0.141120 0.447648 9.046848 3.503776
0.088160 0.140576 0.454464 9.026944 3.502624
0.088832 0.141792 0.451712 9.007424 3.515520
0.097792 0.147712 0.454080 9.065568 3.798112
0.089088 0.142528 0.452992 9.097152 3.505856
0.088832 0.141024 0.451328 8.827552 3.523168
0.088192 0.139776 0.450880 9.071424 3.502112
0.088672 0.142528 0.447776 9.121984 3.519648
0.088544 0.141600 0.454816 9.232256 3.516832
0.088608 0.141152 0.453632 8.926624 3.500704
0.088544 0.140608 0.451200 8.985504 3.516320
0.088224 0.142304 0.447008 9.018912 3.486976
0.088128 0.140544 0.453120 9.086976 3.494208
0.088256 0.142912 0.449664 9.062816 3.508448
0.088544 0.141056 0.447136 8.869856 3.516288
0.088672 0.140384 0.449760 8.896608 3.505440
0.088288 0.141536 0.452416 9.277024 3.507552
0.088416 0.140960 0.452096 8.881056 3.507552
0.088800 0.140480 0.449472 8.734176 3.489760
0.089088 0.142432 0.440736 9.079488 3.522464
0.089440 0.140896 0.453824 9.068160 3.493952
0.088544 0.140416 0.450752 9.063680 3.507136
0.089216 0.141184 0.446144 9.056544 3.492256
0.088800 0.141472 0.453280 9.131904 3.495552
0.088448 0.140320 0.446752 9.306368 3.508864
0.088864 0.139424 0.452192 9.020768 3.501632
0.089184 0.141056 0.445344 8.959104 3.504032
0.088800 0.139712 0.447712 9.005216 3.478752
0.088384 0.142880 0.451456 9.160768 3.504160
0.089056 0.141280 0.445312 9.090464 3.508448
0.088288 0.143712 0.446592 8.803776 3.500160
0.088608 0.138944 0.448320 8.766880 3.472480
0.089216 0.142592 0.452000 8.953536 3.504800
0.096000 0.155008 0.460832 9.315648 3.790816
0.088704 0.141056 0.450688 9.029216 3.488736
0.088768 0.141216 0.445920 9.094528 3.501056
0.088800 0.140672 0.447584 9.143424 3.520544
0.088096 0.140672 0.450784 8.850528 3.519232
0.088640 0.142016 0.445440 8.644288 3.490432
0.088480 0.141792 0.438752 8.988352 3.501824
0.088512 0.142112 0.449344 8.899008 3.520256
0.088544 0.140800 0.452128 8.650944 3.494656
0.089184 0.142176 0.453856 9.167328 3.510400
0.088736 0.144288 0.445536 8.994720 3.492128
0.088928 0.141984 0.450240 9.200704 3.511648
0.088352 0.140224 0.449248 8.874816 3.490368
0.088064 0.141248 0.446592 9.139168 3.508608
0.088672 0.140352 0.449696 8.836128 3.504096
0.089024 0.141248 0.445632 8.566880 3.491232
0.089440 0.140992 0.451840 8.857408 3.504640
0.088960 0.141472 0.449984 9.044064 3.532096
0.088256 0.142912 0.447616 8.742240 3.510304
0.088416 0.140160 0.453408 9.087712 3.491872
0.089248 0.139488 0.447648 8.992384 3.510304
0.088640 0.145120 0.453344 9.138496 3.510656
0.088896 0.142432 0.448640 8.950752 3.515296
0.088544 0.141056 0.446976 8.958752 3.509824
0.088128 0.139648 0.445280 9.311328 3.531456
0.088320 0.144128 0.447904 8.969280 3.499232
0.088832 0.140480 0.449216 8.877888 3.485568
0.088224 0.141984 0.452032 9.024800 3.498368
0.088192 0.145248 0.453344 9.128288 3.512672
0.088672 0.141856 0.441664 9.096320 3.493696
0.095968 0.148416 0.449088 9.031680 3.783136
0.089120 0.141440 0.449408 9.032480 3.537344
0.088768 0.140992 0.449536 8.921984 3.532288
0.087904 0.165344 0.446464 9.052096 3.496192
0.088608 0.140000 0.454880 8.878112 3.496288
0.088928 0.143936 0.450816 9.103456 3.529984
0.088608 0.139904 0.454496 9.016256 3.499872
0.088576 0.140800 0.453152 8.989152 3.469728
0.088896 0.146208 0.455200 8.835296 3.507584
0.089120 0.142240 0.446656 8.832896 3.502720
0.087936 0.141600 0.450880 8.758336 3.489440
0.089408 0.141696 0.450912 9.147744 3.534912
0.088640 0.140960 0.452000 8.879328 3.501856
0.088352 0.141760 0.446880 8.976032 3.523168
0.088320 0.141280 0.446464 9.081024 3.513504
0.088320 0.142912 0.453824 9.021504 3.495936
0.088992 0.142176 0.450592 8.548160 3.503744
0.089056 0.139840 0.446912 8.768896 3.507712
0.087968 0.141184 0.449984 9.031136 3.481696
0.088384 0.140544 0.448448 9.184608 3.499744
0.088864 0.141280 0.450912 8.987840 3.521728
0.088288 0.140768 0.447360 9.193312 3.500576
0.088256 0.140640 0.455904 8.735584 3.496736
0.088576 0.140928 0.455552 8.913952 3.499616
0.088640 0.140928 0.451488 9.204992 3.488896
0.088448 0.141920 0.448672 8.832608 3.494976
0.088352 0.140992 0.454720 9.271808 3.504608
0.087808 0.142528 0.447520 8.879328 3.525184
0.088032 0.141312 0.454752 8.723968 3.494816
0.088864 0.144416 0.447712 8.883488 3.502016
0.097248 0.148640 0.444736 8.844640 3.773088
0.088288 0.141696 0.445728 9.105728 3.507680
0.088768 0.141248 0.451392 8.971552 3.517280
0.088608 0.143168 0.448416 8.997856 3.510656
0.088736 0.141024 0.453696 8.977184 3.519424
0.089344 0.143040 0.451104 9.251392 3.513248
0.088448 0.141888 0.454208 8.804768 3.489184
0.089024 0.141376 0.455520 9.184896 3.506176
0.088992 0.142272 0.455296 8.815104 3.529664
0.088864 0.140288 0.446688 9.044192 3.503584
0.088576 0.139488 0.428768 8.960128 3.466816
0.088992 0.141120 0.447616 9.103840 3.512800
0.088000 0.142560 0.443712 8.891648 3.508896
0.088512 0.141344 0.449696 9.068416 3.503392
0.088928 0.143872 0.446528 9.411104 3.491104
0.089216 0.143968 0.450976 9.433504 3.496448
0.088832 0.141472 0.442400 8.987584 3.506080
0.088928 0.146336 0.445056 9.154848 3.485408
0.089056 0.140352 0.453984 9.131456 3.500864
0.088384 0.141984 0.453856 8.997792 3.503040
0.088832 0.141792 0.447872 8.894688 3.503488
0.088352 0.140224 0.454336 8.896896 3.501472
0.088544 0.140192 0.446176 8.990464 3.514656
0.088288 0.140832 0.446080 9.209824 3.509664
0.088352 0.141824 0.453568 8.968384 3.516128
0.087936 0.141312 0.445376 9.014592 3.511616
0.088896 0.140640 0.447520 9.107136 3.522496
0.088448 0.143296 0.447200 9.331904 3.523328
0.088416 0.140416 0.448960 8.725824 3.491552
0.088640 0.140608 0.456192 9.173184 3.493696
0.095168 0.152864 0.447008 9.048928 3.771072
0.088416 0.143584 0.450304 9.115264 3.487392
0.089152 0.144352 0.454048 9.346304 3.509024
0.088288 0.139616 0.447424 9.084064 3.504544
0.088256 0.139744 0.452544 9.040032 3.511776
0.088352 0.142176 0.453728 9.088928 3.515104
0.088896 0.140384 0.439264 9.142304 3.496448
0.088512 0.142208 0.447648 8.820672 3.512448
0.088992 0.142112 0.454880 8.846528 3.492960
0.088416 0.142272 0.437120 8.847136 3.496768
0.088160 0.141248 0.453536 9.070304 3.528704
0.088672 0.140800 0.446432 8.945920 3.514304
0.089024 0.145280 0.452512 8.770880 3.496160
0.088672 0.140800 0.453664 8.955616 3.491616
0.088640 0.142528 0.446880 8.879232 3.496000
0.088032 0.141120 0.448160 8.898944 3.516640
0.088736 0.139360 0.443840 8.885728 3.516672
0.088928 0.140832 0.446752 8.879648 3.486624
0.088672 0.139712 0.449248 9.212704 3.517344
0.088256 0.141632 0.444640 8.995040 3.506592
0.089504 0.141568 0.450144 9.218720 3.506784
0.088544 0.143328 0.446144 8.773088 3.508320
0.088288 0.142720 0.436704 9.070656 3.487360
0.088704 0.139584 0.456288 8.801792 3.486752
0.088576 0.140032 0.444160 8.980288 3.516160
0.088320 0.140640 0.451456 9.173696 3.511296
0.088576 0.141536 0.449856 8.760032 3.524736
0.088512 0.141344 0.451680 8.980864 3.510016
0.088416 0.139936 0.454752 9.148352 3.491424
0.088640 0.142464 0.441696 9.038112 3.487552
0.105184 0.150080 0.448992 8.595744 3.745216
0.091776 0.143232 0.453600 9.169696 3.493504
0.088416 0.141728 0.440416 9.045088 3.508800
0.088352 0.142944 0.451264 8.900192 3.481440
0.088480 0.141536 0.445952 9.124192 3.509856
0.088768 0.142080 0.448960 8.738048 3.515648
0.089248 0.141248 0.446944 8.942464 3.526912
0.088480 0.141472 0.452864 8.658656 3.490912
0.088704 0.140928 0.449824 8.946336 3.507520
0.089088 0.142080 0.449888 8.874048 3.494304
0.089536 0.141984 0.448160 9.089056 3.512096
0.090048 0.141888 0.446592 8.867904 3.484288
0.088320 0.140864 0.454400 9.140160 3.494816
0.088576 0.141280 0.448064 9.080672 3.506944
0.088480 0.140000 0.453888 8.897088 3.480320
0.088608 0.140896 0.444320 8.898240 3.509760
0.089184 0.142560 0.452032 9.080512 3.513696
0.088640 0.140448 0.438976 9.052896 3.519968
0.088352 0.141696 0.444608 8.851424 3.522528
0.088544 0.141664 0.453792 9.219776 3.493312
0.088576 0.143616 0.431424 8.812960 3.498496
0.088480 0.142496 0.432448 9.191872 3.500928
0.088032 0.140736 0.447520 9.063872 3.490016
0.089088 0.142912 0.451936 8.825792 3.514112
0.088032 0.141888 0.447424 8.745984 3.497152
0.088224 0.139936 0.424320 9.231712 3.507232
0.088608 0.140800 0.437440 9.015456 3.495520
0.088672 0.141280 0.451616 8.852704 3.471328
0.088608 0.140256 0.453600 9.169504 3.524608
0.088704 0.141472 0.440352 8.927968 3.510720
0.100704 0.148928 0.446752 9.007872 3.793472
0.088928 0.140576 0.454688 8.860032 3.491456
0.088896 0.141440 0.448448 8.779296 3.482880
0.089024 0.141344 0.453696 9.034784 3.498048
0.088448 0.140704 0.453600 9.046560 3.498048
0.089120 0.142304 0.451616 9.025344 3.504928
0.088800 0.141472 0.453024 8.909216 3.512352
0.088096 0.140256 0.445696 8.898208 3.514784
0.088864 0.141952 0.449280 8.898720 3.511424
0.088544 0.141760 0.453248 9.329248 3.502656
0.088896 0.142368 0.442464 8.708544 3.496928
0.088576 0.144192 0.453600 8.969728 3.514144
0.088352 0.141344 0.449248 8.915104 3.505536
0.088544 0.145792 0.448256 9.048032 3.496096
0.089472 0.142144 0.452768 9.379296 3.509344
0.088704 0.141152 0.444960 9.087552 3.505344
0.088960 0.142304 0.450848 8.994464 3.503488
0.088480 0.140320 0.454400 8.888160 3.499136
0.088128 0.141408 0.454560 9.201568 3.480032
0.088832 0.143232 0.446688 8.910272 3.524448
0.088896 0.140512 0.448096 8.922400 3.515136
0.088288 0.141760 0.454976 9.097824 3.489824
0.088320 0.139488 0.453376 9.121760 3.501120
0.088352 0.142080 0.450144 8.767872 3.499520
0.088224 0.140992 0.452352 8.788832 3.486016
0.089088 0.141056 0.453728 9.153728 3.511264
0.088736 0.140928 0.447392 9.162688 3.486240
0.088128 0.140384 0.448064 8.991008 3.503424
0.088352 0.140256 0.448704 9.134496 3.498144
0.088800 0.142656 0.438720 8.930336 3.517056
0.094720 0.147424 0.440672 9.358688 3.818816
0.089184 0.140960 0.455232 8.887296 3.509920
0.089280 0.140416 0.432576 8.998432 3.496672
0.088928 0.143008 0.448352 8.940896 3.489952
0.087872 0.139456 0.453088 9.157376 3.494592
0.088768 0.142336 0.452992 8.767552 3.487744
0.088576 0.140736 0.446304 9.063840 3.502880
0.088224 0.141408 0.449408 9.099424 3.484832
0.089216 0.142592 0.450208 9.023072 3.511104
0.088544 0.141248 0.436032 8.643936 3.495360
0.088512 0.139680 0.453216 8.805408 3.518944
0.088640 0.142176 0.444992 9.171744 3.522496
0.088416 0.141344 0.450016 8.993824 3.499840
0.088256 0.141344 0.455328 9.022144 3.513952
0.088960 0.140992 0.449984 8.945568 3.509984
0.088608 0.144544 0.455168 8.815328 3.502528
0.089632 0.140096 0.455168 8.883840 3.480832
0.089056 0.141952 0.453984 9.127520 3.502048
0.088032 0.139712 0.445984 8.715456 3.526304
0.088096 0.140000 0.447104 9.009984 3.504032
0.088512 0.141248 0.446048 8.937248 3.502656
0.088448 0.140000 0.452960 8.974304 3.482560
0.088896 0.141088 0.453536 8.708800 3.483808
0.088512 0.143008 0.453376 9.077408 3.495264
0.087872 0.139712 0.453696 9.194048 3.508192
0.088512 0.141408 0.443488 9.014848 3.499136
0.089152 0.142432 0.454080 9.047680 3.506624
0.088480 0.140544 0.448384 8.787680 3.485440
0.088192 0.140672 0.445760 9.201536 3.487168
0.089536 0.141024 0.445696 8.944576 3.504352
0.096096 0.146464 0.446720 8.710944 3.782144
0.089088 0.144320 0.446656 9.255104 3.509856
0.088960 0.142880 0.444544 8.972256 3.486752
0.088128 0.141696 0.451520 9.252352 3.499872
0.088576 0.141984 0.442464 8.830592 3.503328
0.088800 0.143040 0.449504 9.026528 3.520160
0.089280 0.141312 0.446272 8.912992 3.524320
0.089280 0.141760 0.433696 9.123776 3.488544
0.089056 0.142624 0.448800 9.132928 3.481472
0.088064 0.141984 0.444704 9.242848 3.512640
0.088352 0.141824 0.449344 9.098368 3.489824
0.088576 0.141216 0.452768 8.715904 3.480960
0.088064 0.162688 0.450336 8.981216 3.507872
0.088288 0.141408 0.449312 8.883744 3.491360
0.088512 0.141760 0.446528 8.917632 3.501312
0.088736 0.142400 0.451872 8.874912 3.499744
0.088800 0.141152 0.450592 8.494112 3.524128
0.089280 0.141248 0.451744 8.959360 3.501344
0.088608 0.139424 0.453856 9.069408 3.494624
0.088768 0.140320 0.454144 8.998272 3.499008
0.088736 0.141536 0.444032 8.952608 3.499392
0.088544 0.140480 0.454720 9.107648 3.497152
0.088480 0.141024 0.449184 8.690592 3.508096
0.088576 0.144800 0.446560 9.078976 3.489568
0.088192 0.142336 0.445536 8.977824 3.516992
0.088480 0.145312 0.444032 8.873120 3.509472
0.088512 0.140704 0.453440 8.981184 3.498240
0.088160 0.144256 0.453344 9.262912 3.499232
0.088736 0.144896 0.455104 8.792736 3.492032
0.088608 0.142016 0.448736 8.762080 3.509056
0.096384 0.146624 0.455008 8.911328 3.847168
0.088736 0.145632 0.454048 8.873408 3.498592
0.088704 0.140160 0.447616 9.092864 3.506336
0.088224 0.143328 0.444608 9.153536 3.499968
0.088352 0.141472 0.441920 9.280416 3.493600
0.088512 0.140928 0.448384 8.753312 3.501376
0.088224 0.141280 0.453888 9.061696 3.506080
0.088352 0.140352 0.453824 8.925280 3.504480
0.088832 0.140224 0.450016 9.027520 3.493280
0.088320 0.142784 0.437696 8.958848 3.525824
0.088768 0.141792 0.448288 9.030912 3.517152
0.089120 0.139776 0.452352 9.038016 3.502784
0.088416 0.140992 0.450944 9.213408 3.523872
0.088288 0.141472 0.448512 9.077888 3.512064
0.088800 0.141152 0.454592 9.278176 3.488384
0.088896 0.144064 0.446080 9.004864 3.502560
0.088448 0.140224 0.450688 9.045760 3.509824
0.088544 0.140320 0.431936 8.950720 3.478304
0.088448 0.141440 0.452320 8.883936 3.491648
0.088320 0.140128 0.454208 8.951168 3.498688
0.089088 0.141728 0.434560 9.018784 3.491360
0.088704 0.140288 0.454944 9.214368 3.497760
0.088256 0.140992 0.447776 9.054016 3.495168
0.088384 0.142592 0.449408 8.915392 3.525280
0.088672 0.139200 0.449184 8.829312 3.506464
0.088640 0.140608 0.448064 9.260448 3.504672
0.088864 0.140064 0.437856 8.966592 3.511904
0.088896 0.143392 0.444768 8.854656 3.509248
0.088672 0.139712 0.444896 9.022752 3.510624
0.088896 0.139840 0.445984 8.975648 3.491584
0.095520 0.147264 0.447264 9.100416 3.786208
0.088480 0.140064 0.454656 9.396800 3.515296
0.088608 0.139072 0.454208 8.878336 3.467264
0.088768 0.145888 0.442112 9.038816 3.491168
0.088096 0.141248 0.442944 9.123008 3.486944
0.088608 0.143680 0.446272 8.738784 3.496320
0.088576 0.140992 0.455552 9.002368 3.489248
0.088576 0.141792 0.454016 8.835872 3.477824
0.088704 0.140288 0.448800 9.027584 3.486368
0.088704 0.140608 0.445184 9.285632 3.520992
0.088480 0.141120 0.444896 9.133248 3.495200
0.088640 0.139776 0.448800 8.935808 3.507104
0.088544 0.141312 0.449984 8.959648 3.502784
0.088320 0.140192 0.452448 8.938528 3.502176
0.088352 0.141408 0.450752 8.968416 3.513696
0.088640 0.141760 0.446208 8.896288 3.502240
0.088928 0.145824 0.446432 8.956096 3.493824
0.088352 0.141440 0.451648 8.957152 3.516000
0.088384 0.144352 0.455296 9.055552 3.511968
0.088224 0.142880 0.454176 9.109568 3.495104
0.088832 0.140288 0.449344 8.745728 3.510112
0.088480 0.142016 0.452320 8.996096 3.507136
0.087872 0.140320 0.455808 9.020320 3.498720
0.089216 0.141344 0.448288 8.931584 3.507872
0.088224 0.141344 0.446336 8.918560 3.526304
0.088800 0.141888 0.452736 9.262304 3.527584
0.088672 0.140800 0.451520 9.166976 3.493472
0.088992 0.141376 0.440320 8.515040 3.500512
0.088576 0.141184 0.446336 8.985920 3.496608
0.088736 0.140864 0.455680 8.976128 3.487456
0.095840 0.148960 0.456608 9.183520 3.810368
0.088672 0.143616 0.448832 9.046688 3.499936
0.089248 0.141952 0.455136 8.884352 3.515520
0.088352 0.141376 0.446208 8.953856 3.495584
0.088768 0.140960 0.454752 9.063712 3.494400
0.088928 0.140640 0.445120 9.179264 3.495712
0.088256 0.139936 0.447424 9.110240 3.503520
0.088096 0.142464 0.450272 9.059360 3.503680
0.088576 0.141280 0.448224 9.118976 3.509632
0.088064 0.142112 0.439616 9.087264 3.495488
0.089280 0.141536 0.444992 8.950944 3.508928
0.088800 0.143136 0.451456 8.881408 3.508992
0.088416 0.140192 0.435328 8.888352 3.502688
0.088672 0.140128 0.456288 9.062688 3.517280
0.088864 0.141408 0.451648 9.104384 3.489216
0.089056 0.142176 0.438976 8.809792 3.501344
0.089408 0.142368 0.447712 8.995520 3.483328
0.088896 0.141344 0.428032 9.011200 3.521024
0.089568 0.141664 0.452416 9.110336 3.505568
0.088704 0.144704 0.454496 9.093248 3.528384
0.088832 0.143168 0.446304 9.023872 3.508800
0.088576 0.143552 0.446112 8.993248 3.507776
0.088608 0.142112 0.453440 9.043488 3.523904
0.088480 0.142656 0.450816 9.064288 3.519200
0.088544 0.141408 0.454688 9.124448 3.498016
0.088224 0.141024 0.450240 9.069408 3.487072
0.089056 0.140544 0.447488 8.726944 3.497952
0.088576 0.146848 0.446272 9.106816 3.510816
0.088288 0.141760 0.441248 8.906848 3.490880
0.089344 0.142432 0.452320 8.809312 3.496800
0.095456 0.150528 0.450688 8.906240 3.798240
0.088160 0.141824 0.453248 8.847360 3.513472
0.088864 0.142432 0.451808 8.754944 3.500960
0.088256 0.140192 0.442432 8.921120 3.517120
0.088864 0.141728 0.446816 9.051936 3.511360
0.088640 0.143360 0.450528 8.782944 3.498880
0.088416 0.141408 0.448608 8.685600 3.473760
0.089088 0.140640 0.452736 9.153760 3.517408
0.089056 0.140640 0.454272 8.753920 3.473216
0.088416 0.141792 0.447840 9.058272 3.498912
0.088416 0.140320 0.454272 9.124608 3.526048
0.088832 0.142624 0.449824 8.889248 3.504384
0.088352 0.140480 0.453632 9.414400 3.498144
0.088352 0.139808 0.446016 9.154560 3.515200
0.088960 0.140960 0.453152 9.352352 3.509568
0.089248 0.141216 0.446208 8.856608 3.468960
0.088864 0.140096 0.453344 9.144896 3.521984
0.088608 0.142592 0.454112 8.999552 3.533568
0.088128 0.140640 0.444608 9.237600 3.495712
0.088544 0.140480 0.451136 9.107232 3.491520
0.089280 0.140128 0.452704 8.921024 3.490912
0.088928 0.139904 0.449184 8.923648 3.491840
0.088672 0.139968 0.449376 9.102848 3.497792
0.088384 0.141248 0.453184 9.019808 3.509632
0.088448 0.140512 0.452192 9.025760 3.487008
0.088672 0.140640 0.453056 9.144064 3.506112
0.088928 0.143360 0.449664 8.855392 3.498976
0.088640 0.140800 0.447328 8.922368 3.499808
0.088992 0.140032 0.448000 8.934464 3.484224
0.088960 0.140864 0.452768 9.160832 3.518976
0.096032 0.148064 0.451936 9.229568 3.804256
0.088768 0.140800 0.453600 9.009664 3.521888
0.088512 0.142272 0.446784 8.940352 3.519200
0.088224 0.140704 0.447680 8.763872 3.495872
0.087776 0.140608 0.448512 8.754272 3.507008
0.088640 0.141600 0.446144 8.939520 3.512768
0.088352 0.141696 0.449728 9.076128 3.479424
0.088832 0.141504 0.450144 8.941312 3.499264
0.088928 0.141440 0.449312 8.883072 3.474208
0.088480 0.141888 0.454240 9.173408 3.513472
0.087936 0.142560 0.452928 8.985088 3.516000
0.089344 0.141504 0.445600 8.717600 3.525600
0.087776 0.142688 0.449600 9.071904 3.495360
0.088608 0.139488 0.450496 8.959488 3.492384
0.088416 0.142592 0.443968 9.065664 3.513248
0.088640 0.140960 0.453536 9.121664 3.499008
0.088640 0.141696 0.454432 9.068000 3.509184
0.088640 0.141120 0.446496 8.897632 3.493920
0.088384 0.140448 0.447392 9.285152 3.502272
0.088448 0.144992 0.448384 8.976896 3.509760
0.088448 0.140544 0.453312 8.970208 3.514720
0.088192 0.139680 0.445856 8.953216 3.511680
0.088672 0.140384 0.442368 8.741312 3.496032
0.088928 0.141504 0.454816 8.912288 3.505312
0.087872 0.141280 0.455616 9.153952 3.510400
0.088192 0.140800 0.451616 8.999872 3.495520
0.088864 0.145568 0.453920 8.993024 3.495200
0.088000 0.143360 0.451648 8.904608 3.519424
0.088192 0.142784 0.452096 9.235488 3.514400
0.088992 0.139968 0.447712 8.922208 3.518368
0.096320 0.148032 0.446848 9.232064 3.779552
0.089824 0.140352 0.448832 9.165920 3.497632
0.088512 0.141376 0.452768 9.048160 3.503520
0.088288 0.142976 0.445280 9.042496 3.509760
0.088672 0.146208 0.443808 8.836800 3.491840
0.088800 0.142400 0.451552 8.938080 3.510656
0.088448 0.140736 0.452256 9.166752 3.499776
0.088032 0.142848 0.452800 9.063904 3.491296
0.088640 0.140384 0.450976 8.954688 3.502976
0.088800 0.140576 0.453504 9.207968 3.508704
0.088448 0.140096 0.446080 8.950240 3.506112
0.089024 0.141536 0.449728 8.890272 3.500416
0.088224 0.140672 0.451008 8.858368 3.511072
0.088320 0.139520 0.440416 9.021824 3.510752
0.088544 0.140864 0.447936 8.921984 3.515552
0.088672 0.141856 0.448768 8.700736 3.530752
0.088512 0.141120 0.455104 8.691552 3.497344
0.088544 0.139424 0.452832 9.056512 3.510240
0.088192 0.142272 0.452576 8.850496 3.506656
0.088736 0.141856 0.449632 8.994176 3.506112
0.089248 0.141824 0.454720 9.079488 3.477856
0.088288 0.161408 0.449632 8.674528 3.481600
0.089216 0.140384 0.451648 9.148352 3.488864
0.088768 0.140352 0.453504 9.056864 3.500928
0.088672 0.140672 0.446080 9.003648 3.486976
0.088544 0.140640 0.451040 9.129216 3.499136
0.089152 0.141504 0.447488 9.332416 3.534944
0.089120 0.141760 0.445440 9.052928 3.497824
0.088768 0.139648 0.446240 8.894592 3.499648
0.088384 0.143712 0.447776 9.028352 3.513216
0.095456 0.145728 0.440288 8.758688 3.817696
0.088512 0.142016 0.449152 9.047456 3.503040
0.088960 0.140320 0.451776 8.815040 3.503680
0.088960 0.140384 0.451296 9.140256 3.499104
0.088768 0.140672 0.454944 8.716576 3.508224
0.088960 0.140864 0.449024 9.126368 3.512896
0.088576 0.140640 0.446688 9.015808 3.525856
0.088640 0.140480 0.445344 9.060224 3.505664
0.088928 0.142336 0.455104 9.153920 3.505248
0.088640 0.140544 0.446464 8.838336 3.492384
0.088480 0.141952 0.446496 9.044832 3.500288
0.088384 0.142400 0.441792 9.195008 3.508096
0.088352 0.141760 0.454144 9.043392 3.510752
0.088544 0.143328 0.453664 9.100128 3.499872
0.088320 0.141952 0.448096 8.868160 3.489440
0.088608 0.140800 0.445632 9.109216 3.501472
0.089088 0.142208 0.454560 8.928480 3.515776
0.088960 0.143136 0.452928 9.130624 3.489376
0.088800 0.142080 0.450496 9.232096 3.516192
