0.016960 0.023616 0.036192 43.232800 3.345536
0.017408 0.023360 0.036064 44.358814 3.344096
0.017536 0.022848 0.035520 43.445377 3.332640
0.017280 0.023264 0.036480 43.434944 3.341792
0.017472 0.022848 0.035424 43.354782 3.323488
0.017248 0.023232 0.036000 44.298271 3.354976
0.017280 0.022848 0.035616 44.363808 3.330176
0.017440 0.023008 0.035808 43.765022 3.302304
0.017120 0.022944 0.035424 43.640991 3.324544
0.017152 0.023296 0.036192 43.352448 3.320896
0.017216 0.022816 0.035648 43.593121 3.310592
0.017248 0.022976 0.035776 43.775646 3.328288
0.017504 0.022816 0.035424 43.762718 3.318816
0.017312 0.023168 0.035872 43.825184 3.338400
0.017248 0.022944 0.035872 43.573536 3.319936
0.023808 0.028416 0.036288 43.546242 3.311520
0.017312 0.023104 0.036128 44.426079 3.329120
0.017600 0.023136 0.035968 43.779137 3.342944
0.017568 0.022624 0.035904 43.733311 3.328032
0.017440 0.022976 0.035968 43.297600 3.298816
0.017216 0.023040 0.035520 44.391682 3.344800
0.017216 0.022784 0.035680 43.757183 3.310624
0.017696 0.022624 0.035136 43.828831 3.325536
0.017376 0.022880 0.035776 43.614464 3.361024
0.017344 0.023424 0.036416 43.667233 3.325248
0.017312 0.023168 0.036320 43.661953 3.348768
0.018208 0.023424 0.036576 43.561504 3.345408
0.017216 0.023040 0.035680 43.759838 3.328192
0.017536 0.022880 0.035648 42.994270 3.312224
0.017120 0.023008 0.035744 43.784191 3.311616
0.017248 0.023488 0.035744 44.283264 3.358016
0.017280 0.022848 0.035648 43.589569 3.316992
0.017472 0.023136 0.035680 43.514656 3.314400
0.017280 0.023104 0.035840 43.285568 3.353472
0.017312 0.023840 0.035872 42.549568 3.320000
0.017184 0.023008 0.035680 43.630783 3.348704
0.017344 0.022816 0.035584 43.751904 3.319104
0.017152 0.023456 0.035808 43.652321 3.324512
0.017280 0.022976 0.035680 44.050816 3.345568
0.017344 0.023424 0.036256 42.794144 3.314464
0.017280 0.022656 0.035872 43.015007 3.310592
0.017184 0.022656 0.035904 43.289886 3.344096
0.017280 0.022976 0.035520 43.197151 3.348032
0.017248 0.022848 0.036096 44.442242 3.343392
0.017248 0.022880 0.035200 43.430977 3.320032
0.017152 0.022784 0.036096 43.548927 3.331808
0.017312 0.022752 0.035296 44.306946 3.335520
0.017376 0.023168 0.036160 43.801792 3.351840
0.017120 0.022784 0.035712 44.470242 3.330368
0.017728 0.023040 0.035872 43.802208 3.327840
0.017408 0.022816 0.036000 43.614880 3.332224
0.017664 0.022912 0.035584 44.471073 3.324896
0.017376 0.023072 0.035168 43.799137 3.321184
0.017248 0.023136 0.035936 44.029984 3.318688
0.017568 0.023296 0.036224 43.740608 3.333664
0.017312 0.022944 0.035904 43.459583 3.327680
0.017120 0.022848 0.035264 43.201378 3.317152
0.017216 0.023168 0.035616 43.715904 3.327904
0.017216 0.022816 0.035392 44.163681 3.334848
0.017312 0.023008 0.035840 43.366463 3.326816
0.017344 0.022912 0.035520 43.717823 3.352096
0.017344 0.023200 0.035712 42.874046 3.327040
0.017216 0.023104 0.035552 43.392223 3.298944
0.017344 0.022944 0.035616 42.896736 3.332512
0.017504 0.023072 0.035296 44.096672 3.313056
0.020960 0.026144 0.044224 43.703522 3.329024
0.017472 0.022912 0.035392 44.903774 3.340864
0.017280 0.023072 0.036224 42.657150 3.306400
0.017504 0.022944 0.035296 43.881855 3.351936
0.017440 0.023808 0.036704 43.583969 3.333824
0.017376 0.023200 0.036032 43.745697 3.338784
0.017312 0.023008 0.035840 42.748062 3.341632
0.017216 0.022848 0.035616 43.906624 3.330048
0.017184 0.022880 0.035936 43.455807 3.305376
0.017376 0.023072 0.035680 43.631489 3.320416
0.017216 0.023008 0.035744 43.238655 3.315360
0.017280 0.022688 0.035264 44.259071 3.349696
0.017984 0.023200 0.036832 43.654911 3.337152
0.017344 0.022976 0.036128 43.305634 3.330144
0.017280 0.022848 0.035936 43.731136 3.328512
0.017280 0.022720 0.035680 44.494209 3.329536
0.017344 0.022944 0.035808 43.535007 3.323488
0.017504 0.022848 0.035744 43.773441 3.334848
0.017504 0.023360 0.035424 43.566593 3.342592
0.017472 0.023520 0.035872 43.096001 3.338784
0.017280 0.022912 0.035712 42.740032 3.308064
0.017440 0.022688 0.036032 43.703007 3.366944
0.017248 0.022816 0.035872 43.704609 3.341856
0.017248 0.022720 0.035520 43.827263 3.343264
0.017344 0.023104 0.035680 43.557663 3.350624
0.017248 0.022784 0.035008 43.740578 3.340416
0.017504 0.023648 0.035552 43.671040 3.313216
0.017120 0.022848 0.035360 44.082497 3.359072
0.017536 0.022848 0.035648 44.169762 3.336160
0.017216 0.022976 0.035968 43.777313 3.337408
0.017280 0.022944 0.035872 42.726143 3.317344
0.017216 0.022976 0.035904 43.734207 3.319424
0.017216 0.022816 0.035776 44.322079 3.357824
0.017440 0.022592 0.035424 43.862816 3.346016
0.017184 0.024352 0.036448 43.749825 3.324000
0.017248 0.022784 0.035072 43.229694 3.335200
0.017312 0.023168 0.035424 44.437950 3.342912
0.017984 0.023616 0.036960 43.727966 3.352768
0.017344 0.022880 0.035616 43.725601 3.333888
0.017088 0.022656 0.035200 44.345310 3.327008
0.017312 0.023072 0.035616 44.133568 3.319296
0.017216 0.023040 0.035328 43.412704 3.325984
0.017344 0.023488 0.035904 44.423935 3.335104
0.017376 0.023008 0.035360 42.810593 3.290624
0.017536 0.022880 0.035904 43.800991 3.352384
0.017152 0.022752 0.035904 44.381950 3.336064
0.017376 0.023072 0.035616 44.943233 3.344288
0.017376 0.022880 0.035552 43.303425 3.332768
0.017088 0.022944 0.035744 43.760639 3.331296
0.017344 0.023200 0.036128 43.694401 3.327808
0.017344 0.023392 0.035872 43.662273 3.330944
0.017440 0.023008 0.035264 43.108318 3.327840
0.017504 0.022624 0.035776 43.610943 3.320544
0.017472 0.022880 0.035552 43.702881 3.329472
0.017280 0.022880 0.035904 43.507648 3.342912
0.017344 0.022624 0.035520 43.729343 3.336704
0.017184 0.023360 0.035936 44.810944 3.330592
0.017152 0.022816 0.035424 44.088001 3.362176
0.017216 0.023392 0.036000 43.392159 3.321024
0.017344 0.022848 0.035424 44.264160 3.334240
0.017536 0.022912 0.035488 43.714657 3.334304
0.017312 0.023136 0.036032 43.408482 3.343904
0.017088 0.022720 0.035552 43.763489 3.340544
0.017440 0.023264 0.035456 43.942913 3.341728
0.017216 0.023584 0.037120 44.481216 3.334272
0.017440 0.022912 0.035104 44.523998 3.344768
0.017280 0.023424 0.036096 43.396065 3.325824
0.017088 0.022880 0.035424 44.503807 3.327936
0.017248 0.023200 0.035712 44.181503 3.324128
0.017248 0.022656 0.036064 43.026016 3.336736
0.017344 0.022816 0.035808 43.615646 3.324576
0.017408 0.022976 0.035296 43.653473 3.332672
0.017248 0.044960 0.035968 43.751713 3.343552
0.017216 0.023104 0.035712 42.786209 3.344960
0.017312 0.023168 0.035968 44.441566 3.339424
0.017248 0.022752 0.035488 43.043522 3.298880
0.017504 0.022976 0.036064 43.351231 3.323104
0.017184 0.022656 0.036320 43.297024 3.312160
0.017440 0.023104 0.035424 43.867039 3.312416
0.017312 0.023520 0.036672 42.712513 3.305056
0.017312 0.022976 0.036096 43.631584 3.330688
0.017248 0.022720 0.035808 44.394241 3.318688
0.017312 0.023328 0.035840 43.441601 3.306656
0.017280 0.022976 0.035680 42.887104 3.313120
0.017216 0.022752 0.035776 42.713249 3.341440
0.017472 0.022944 0.036064 44.059135 3.338816
0.017408 0.023168 0.035520 42.680607 3.321440
0.017216 0.023136 0.035456 44.529793 3.361664
0.017504 0.023168 0.035648 43.776737 3.356800
0.017376 0.022720 0.035712 43.744385 3.330048
0.017280 0.023488 0.035936 44.515839 3.355936
0.017120 0.022816 0.035744 44.486401 3.361760
0.017312 0.022720 0.035616 44.337120 3.308832
0.017472 0.022912 0.036320 43.667263 3.337760
0.017376 0.023360 0.036032 43.473183 3.337056
0.017312 0.023104 0.035296 43.740002 3.355552
0.017312 0.022976 0.035904 43.402306 3.317312
0.017440 0.022784 0.035200 44.511391 3.332416
0.017184 0.023360 0.035776 43.783615 3.359872
0.017216 0.022656 0.035712 44.968063 3.343488
0.017440 0.023200 0.035552 43.459713 3.311776
0.017280 0.022688 0.035936 43.219070 3.334016
0.017440 0.022944 0.035680 43.435776 3.333632
0.017248 0.022752 0.036000 43.186878 3.347904
0.017312 0.022880 0.035712 43.260033 3.325152
0.017376 0.023168 0.035392 44.398079 3.358240
0.017408 0.023520 0.035648 43.465408 3.313664
0.017280 0.022496 0.035712 43.830849 3.311008
0.017216 0.023104 0.036032 43.747391 3.335968
0.017344 0.023520 0.036768 43.328480 3.330624
0.017344 0.023008 0.035520 43.440159 3.319840
0.017344 0.022720 0.035680 43.041889 3.318688
0.017312 0.023168 0.035488 44.091969 3.326880
0.017312 0.022752 0.035552 43.778080 3.353568
0.017056 0.023328 0.035552 42.774494 3.320320
0.017216 0.022944 0.035392 43.742271 3.344896
0.017440 0.023200 0.035776 43.194912 3.348448
0.017664 0.022752 0.036224 43.458881 3.342944
0.017376 0.022944 0.036064 44.360001 3.349824
0.017440 0.022848 0.035584 44.484993 3.363104
0.017216 0.023232 0.035616 43.299072 3.335744
0.017408 0.022720 0.035648 43.443455 3.330240
0.017344 0.023520 0.035904 44.492962 3.348672
0.017376 0.022784 0.035552 43.661182 3.337056
0.017536 0.023168 0.036128 42.774719 3.319808
0.017248 0.023168 0.036128 43.377792 3.325024
0.017408 0.023200 0.035968 42.803520 3.328832
0.017216 0.022848 0.035584 43.966560 3.321696
0.017344 0.022816 0.035936 43.129761 3.312224
0.017408 0.022880 0.035616 44.428738 3.348352
0.017280 0.023424 0.035776 42.692959 3.316064
0.017504 0.022784 0.035584 43.509472 3.336064
0.017536 0.023104 0.035744 43.850079 3.325184
0.017248 0.022752 0.035968 43.390785 3.299936
0.017504 0.022720 0.036032 44.343487 3.350528
0.017568 0.022784 0.035680 43.696609 3.349952
0.017280 0.022912 0.035520 43.537857 3.317856
0.017184 0.023168 0.035424 43.758305 3.304096
0.017312 0.023424 0.035712 43.066784 3.328640
0.017344 0.023296 0.036000 43.640766 3.339072
0.017280 0.022848 0.035968 43.708286 3.363168
0.017184 0.022752 0.035904 43.301697 3.309376
0.017152 0.022976 0.035776 43.831390 3.334880
0.017408 0.022816 0.035872 43.709343 3.344864
0.017216 0.022944 0.035904 43.806049 3.323392
0.026784 0.031552 0.043008 43.394402 3.317600
0.017440 0.023936 0.035744 43.405697 3.333248
0.017120 0.023104 0.035104 43.366112 3.324704
0.017248 0.022816 0.035808 43.675743 3.354752
0.017440 0.023072 0.035840 43.883362 3.315936
0.017312 0.023232 0.035904 43.439297 3.330848
0.017440 0.022752 0.035360 43.983681 3.335072
0.017280 0.023264 0.035744 43.703041 3.325248
0.017216 0.022848 0.035776 43.398495 3.332864
0.017504 0.024224 0.035968 44.002434 3.345664
0.023360 0.027936 0.036288 43.512417 3.340160
0.017280 0.022976 0.035872 42.732384 3.324384
0.017504 0.022944 0.035744 43.749985 3.330560
0.017376 0.022944 0.035648 44.177345 3.336992
0.017248 0.023168 0.035488 44.318367 3.347264
0.017344 0.022944 0.035552 43.431839 3.297952
0.017504 0.022848 0.035392 43.786049 3.306208
0.017248 0.023360 0.035872 43.422337 3.349024
0.017440 0.022816 0.036032 43.466976 3.308544
0.017184 0.023168 0.035968 44.383423 3.345856
0.017216 0.022720 0.036192 43.381279 3.308896
0.017312 0.022880 0.035808 43.065727 3.318880
0.017280 0.022656 0.036032 44.151871 3.359136
0.017568 0.022848 0.035968 44.745186 3.356320
0.017248 0.023584 0.035584 43.810558 3.332672
0.017312 0.023264 0.035584 43.360767 3.314080
0.017312 0.022656 0.035520 43.809601 3.332000
0.017248 0.022816 0.035680 43.528065 3.314176
0.017472 0.023072 0.035936 43.997345 3.350560
0.017312 0.023040 0.035712 43.371071 3.338848
0.017248 0.022784 0.035328 44.026978 3.339296
0.017408 0.023168 0.035424 43.680481 3.311648
0.017344 0.022752 0.034976 43.699905 3.335744
0.017152 0.023424 0.036096 43.758305 3.320544
0.017344 0.022752 0.035616 43.611233 3.324288
0.017248 0.022976 0.035584 43.583935 3.300512
0.017216 0.022912 0.036032 44.346207 3.357184
0.017408 0.022912 0.035584 43.719551 3.350592
0.017216 0.023008 0.035488 43.939808 3.329504
0.017440 0.023392 0.036352 43.110722 3.306752
0.017440 0.022912 0.035520 43.371647 3.320256
0.017280 0.023488 0.035936 43.279232 3.330400
0.017280 0.022656 0.036032 43.413921 3.312928
0.017344 0.023008 0.035616 42.675617 3.345376
0.017344 0.022656 0.035776 43.261055 3.336736
0.017120 0.022944 0.035712 43.755615 3.380160
0.017408 0.023008 0.035424 44.141762 3.343712
0.017280 0.022944 0.035744 43.128895 3.312128
0.017632 0.023008 0.035616 43.608704 3.331808
0.017632 0.023520 0.035936 43.342304 3.326400
0.017120 0.022848 0.035712 44.471680 3.340320
0.017088 0.023200 0.035904 43.843647 3.321600
0.017568 0.022912 0.035872 43.514080 3.325824
0.017600 0.023008 0.035584 44.098591 3.349440
0.017376 0.023328 0.036256 43.497471 3.303040
0.017344 0.023168 0.035872 44.153824 3.348800
0.017280 0.022688 0.035744 43.687935 3.342592
0.017312 0.023552 0.036128 43.720928 3.344096
0.017408 0.022816 0.035552 43.791103 3.349568
0.017280 0.022816 0.035776 43.456512 3.318080
0.017376 0.022752 0.035936 42.830753 3.323104
0.017568 0.023616 0.036288 43.559841 3.331040
0.017248 0.022976 0.035232 43.784702 3.340896
0.017280 0.022848 0.035744 43.766464 3.328960
0.017312 0.022784 0.035456 43.367615 3.308320
0.017312 0.023584 0.035840 43.768703 3.321024
0.017280 0.022752 0.035648 43.691200 3.320320
0.017184 0.023072 0.035776 44.368065 3.311744
0.017216 0.022816 0.035872 43.702145 3.324768
0.017280 0.023424 0.035808 43.716320 3.348000
0.017440 0.023040 0.035840 43.506432 3.318592
0.017088 0.023104 0.035872 43.588352 3.312800
0.017408 0.022848 0.035392 44.282303 3.338624
0.017312 0.023296 0.035584 43.836639 3.335168
0.017280 0.022816 0.035584 43.958496 3.310656
0.017312 0.023040 0.035616 43.472130 3.332160
0.017504 0.022752 0.036064 43.676800 3.321984
0.017344 0.023200 0.035776 43.352577 3.326080
0.017312 0.022848 0.035296 43.783775 3.325632
0.017376 0.022976 0.035616 44.063328 3.329376
0.017248 0.022752 0.035552 43.594177 3.324640
0.017376 0.023520 0.035968 43.340706 3.330688
0.017216 0.023072 0.035104 43.522400 3.342528
0.017408 0.022816 0.035552 43.827553 3.345024
0.017568 0.045056 0.036256 43.376801 3.304640
0.017344 0.023040 0.035680 43.592609 3.331168
0.017280 0.022944 0.035424 43.488159 3.361312
0.017248 0.022816 0.035424 43.839134 3.328640
0.017344 0.022848 0.035232 43.466431 3.320064
0.017216 0.023360 0.035456 43.271553 3.322720
0.017408 0.023008 0.035392 43.626305 3.330592
0.017536 0.023008 0.035872 43.351841 3.329760
0.017312 0.023008 0.035968 43.498913 3.320352
0.017376 0.022976 0.035712 42.810303 3.301216
0.017440 0.022848 0.035552 42.876415 3.301248
0.017280 0.023040 0.035904 44.169983 3.339168
0.017280 0.022976 0.035552 44.135521 3.346240
0.017440 0.023424 0.035776 43.997887 3.321024
0.017248 0.022848 0.035136 43.805794 3.308640
0.017568 0.023488 0.036352 43.800640 3.359232
0.017376 0.022784 0.035808 43.603039 3.341152
0.017120 0.022848 0.035840 43.111423 3.314080
0.017216 0.022720 0.035552 43.800770 3.356000
0.017024 0.022976 0.036032 43.747585 3.321504
0.017184 0.022816 0.035424 43.212608 3.318144
0.017376 0.023520 0.035744 44.445698 3.342528
0.017344 0.022752 0.035072 44.418785 3.358752
0.017280 0.022944 0.035616 43.826782 3.359552
0.017376 0.022816 0.036288 43.201694 3.337440
0.017248 0.022848 0.035648 43.341919 3.331904
0.017216 0.022912 0.035616 43.725151 3.356896
0.017312 0.023040 0.035520 43.604351 3.325088
0.017312 0.022688 0.035584 43.797440 3.324640
0.017472 0.023360 0.035648 44.607937 3.368608
0.017248 0.023456 0.035968 44.899010 3.343104
0.017440 0.022944 0.035776 44.321857 3.342304
0.017184 0.022784 0.036032 43.784767 3.314304
0.017600 0.023104 0.035584 43.954208 3.325920
0.017376 0.022816 0.035584 43.457825 3.334816
0.017152 0.022880 0.035840 43.269630 3.327680
0.017376 0.022656 0.035520 43.773407 3.335968
0.017280 0.023968 0.035840 43.422016 3.307776
0.017312 0.022752 0.035520 43.363327 3.338528
0.017184 0.022944 0.035488 42.766655 3.334144
0.017248 0.022784 0.036000 43.523872 3.340064
0.017216 0.023072 0.035744 43.740002 3.330592
0.017280 0.022784 0.035328 43.750977 3.329184
0.017312 0.022880 0.035680 43.547199 3.336928
0.017440 0.022848 0.035552 44.182400 3.347808
0.017504 0.024512 0.036224 43.027935 3.296448
0.017376 0.022816 0.035296 43.048321 3.331744
0.017280 0.023040 0.035648 43.757278 3.348288
0.017152 0.022784 0.035744 43.761280 3.321472
0.017088 0.022784 0.036000 44.044064 3.335936
0.017344 0.022784 0.035104 43.575775 3.319872
0.017216 0.023040 0.035936 43.367199 3.332320
0.017504 0.022912 0.035488 44.115105 3.350208
0.017280 0.023488 0.035584 44.278240 3.345056
0.017344 0.022784 0.035424 42.710560 3.331872
0.017248 0.022976 0.035552 44.229568 3.341792
0.017280 0.022752 0.035552 43.280128 3.331872
0.017216 0.023072 0.035744 43.405602 3.336864
0.017248 0.022816 0.035264 44.324833 3.348672
0.017472 0.022912 0.035904 44.688129 3.328992
0.017664 0.023424 0.036160 43.730015 3.322272
0.017152 0.023648 0.035680 43.304897 3.315648
0.017312 0.023104 0.035200 43.255455 3.334432
0.017312 0.022880 0.035520 43.713665 3.343360
0.017312 0.022784 0.035776 43.457314 3.333152
0.017184 0.022816 0.035616 43.527199 3.333344
0.017536 0.022784 0.035264 43.721985 3.320672
0.017472 0.023264 0.036064 43.779488 3.322400
0.017344 0.022784 0.035456 43.813438 3.307456
0.017280 0.023392 0.035520 43.646400 3.336000
0.017568 0.022912 0.035712 44.126530 3.345408
0.017312 0.022976 0.036192 43.725822 3.324672
0.017440 0.023040 0.035488 43.708862 3.334496
0.017440 0.022880 0.035712 43.777634 3.328736
0.017184 0.022656 0.035680 44.053440 3.338400
0.017248 0.023584 0.036416 43.786785 3.347392
0.017376 0.022944 0.035680 43.569248 3.312736
0.017280 0.023168 0.035648 43.259071 3.332512
0.017376 0.022752 0.035584 43.477310 3.365088
0.017056 0.022848 0.035648 43.320866 3.322848
0.017440 0.022880 0.035680 43.272766 3.316000
0.017216 0.023040 0.035936 43.377312 3.309376
0.017280 0.022944 0.035328 43.641567 3.340672
0.017472 0.022848 0.035680 43.853760 3.346400
0.017440 0.023168 0.035360 43.705601 3.327200
0.017376 0.023584 0.035840 43.256161 3.323072
0.017344 0.022880 0.035296 44.390270 3.334720
0.017440 0.022848 0.035840 43.315296 3.316032
0.017184 0.022848 0.035872 43.639198 3.338976
0.017376 0.023232 0.035936 44.682690 3.331168
0.017472 0.023680 0.036672 43.591263 3.305568
0.017280 0.022880 0.036000 43.435074 3.332544
0.017344 0.022752 0.035328 43.395969 3.322688
0.017312 0.023328 0.035584 42.869408 3.289728
0.017568 0.022592 0.035392 43.298145 3.334720
0.017376 0.022816 0.035872 43.614719 3.331200
0.017344 0.022912 0.036032 43.454754 3.337056
0.017504 0.023168 0.035872 44.493538 3.342336
0.017312 0.023008 0.035552 43.884384 3.324416
0.017568 0.023008 0.035904 43.454754 3.315840
0.017408 0.022720 0.035264 44.340096 3.359904
0.017280 0.023392 0.035488 42.696480 3.330432
0.017504 0.022912 0.035424 43.754814 3.331808
0.017248 0.022976 0.035616 43.414783 3.331360
0.017440 0.022912 0.036160 44.706818 3.369664
0.017248 0.023552 0.036256 42.804958 3.310432
0.017184 0.022720 0.035360 43.550079 3.328224
0.017280 0.023104 0.035904 42.703041 3.322752
0.017312 0.022752 0.035392 43.744831 3.341600
0.017216 0.023424 0.035712 43.613888 3.341440
0.017344 0.022592 0.035424 43.469696 3.341024
0.017536 0.022816 0.035680 43.445057 3.326976
0.017216 0.022688 0.036000 43.359966 3.321728
0.017184 0.022848 0.035744 43.480610 3.314688
0.017408 0.022720 0.035456 43.554302 3.341376
0.017280 0.023008 0.035680 44.184353 3.328992
0.017440 0.022944 0.035584 43.776287 3.326016
0.017344 0.023488 0.035360 43.489025 3.314176
0.017248 0.022880 0.035360 42.704575 3.330784
0.017248 0.022688 0.035680 43.692383 3.328704
0.017120 0.023168 0.036800 44.240353 3.343936
0.017408 0.023072 0.035616 43.821602 3.328320
0.017248 0.023072 0.035392 44.502304 3.331360
0.017120 0.023040 0.035872 43.478882 3.332704
0.017536 0.022688 0.035296 42.734241 3.339520
0.017312 0.023616 0.035712 43.534081 3.327776
0.017344 0.022432 0.035232 42.948994 3.305184
0.017408 0.023296 0.035424 43.176033 3.329216
0.017184 0.022624 0.036096 43.436768 3.338144
0.017312 0.022944 0.035712 43.576321 3.329792
0.017408 0.022912 0.035296 43.482079 3.323552
0.017152 0.022848 0.035808 43.767647 3.332000
0.017280 0.022880 0.035328 43.337250 3.313888
0.017248 0.023200 0.035520 42.731937 3.318144
0.017280 0.022880 0.034816 43.588512 3.326368
0.017088 0.023296 0.036384 44.026207 3.317696
0.017280 0.022816 0.036032 43.799553 3.324640
0.017248 0.022880 0.035712 43.512608 3.311168
0.018464 0.023424 0.036288 43.650974 3.335040
0.017312 0.022912 0.035872 43.274624 3.306048
0.017184 0.022848 0.035424 43.408321 3.302944
0.017280 0.023552 0.036000 43.792480 3.341088
0.017248 0.022816 0.035712 43.384735 3.334720
0.017376 0.023040 0.035808 44.055614 3.336288
0.017248 0.022688 0.035840 42.766815 3.313568
0.017408 0.022752 0.035424 43.453888 3.322464
0.017280 0.022880 0.035232 43.470303 3.332000
0.017408 0.023168 0.035520 42.817249 3.332416
0.017312 0.023168 0.035424 43.278111 3.346720
0.017600 0.023424 0.035808 43.841728 3.354144
0.017536 0.023360 0.035936 43.642143 3.325536
0.017312 0.022944 0.035552 44.358082 3.333216
0.017408 0.022624 0.035552 43.576385 3.347808
0.017152 0.022816 0.035936 44.374687 3.348224
0.017472 0.023008 0.035520 43.737408 3.360096
0.017440 0.023008 0.035936 42.733921 3.318848
0.017472 0.022912 0.035520 44.108513 3.354432
0.017216 0.045024 0.036000 43.745312 3.325952
0.017440 0.022944 0.035200 43.436577 3.310560
0.017280 0.022752 0.035104 43.668480 3.325344
0.017088 0.022880 0.036192 44.138527 3.296544
0.017312 0.022944 0.035584 43.201118 3.316096
0.017152 0.022848 0.035296 43.564705 3.323840
0.017440 0.023072 0.035872 43.559361 3.360640
0.017280 0.022560 0.035328 43.566143 3.341344
0.017312 0.024384 0.036416 44.473953 3.367968
0.017248 0.022688 0.035232 43.042686 3.331392
0.017248 0.022912 0.035712 43.003807 3.310304
0.017408 0.022752 0.035840 44.469406 3.328928
0.017184 0.022944 0.035616 42.665314 3.306848
0.017152 0.022784 0.035360 43.702721 3.331872
0.017440 0.022880 0.036192 43.420448 3.325280
0.017216 0.023040 0.035264 43.783550 3.325568
0.017472 0.023424 0.035680 43.807522 3.315200
0.017280 0.022720 0.035744 43.460609 3.331040
0.017408 0.022848 0.036320 45.202080 3.390336
0.017408 0.022752 0.035968 44.322529 3.351968
0.017184 0.022784 0.035744 44.104385 3.331712
0.017184 0.022720 0.035520 43.733791 3.343520
0.017248 0.022784 0.035616 43.062305 3.318976
0.017312 0.023360 0.035872 42.788319 3.320160
0.017600 0.023328 0.035584 42.801186 3.286944
0.017248 0.022752 0.035424 43.685986 3.348864
0.017504 0.022752 0.035744 42.792030 3.333472
0.017408 0.022656 0.035808 43.736446 3.339264
0.017440 0.022752 0.035584 43.501438 3.353728
0.017376 0.022688 0.035424 44.036449 3.365856
0.017152 0.023040 0.036064 42.968319 3.331424
0.017280 0.022944 0.035616 44.015102 3.354112
0.017248 0.023424 0.035648 43.102753 3.332192
0.017088 0.022464 0.035392 43.434559 3.301056
0.017312 0.022944 0.035456 44.282848 3.340704
0.017248 0.022912 0.035776 43.743519 3.327072
0.017248 0.022784 0.035520 43.213921 3.318880
0.017216 0.022976 0.035392 44.708160 3.325632
0.017280 0.023296 0.036608 43.793728 3.325952
0.017248 0.022880 0.035520 43.754688 3.314848
0.017408 0.023424 0.035968 42.733887 3.321024
0.017664 0.022944 0.035776 43.438370 3.323808
0.017504 0.022912 0.036096 43.588928 3.320896
0.017216 0.022912 0.035776 43.385441 3.355584
0.017280 0.022848 0.035680 44.550720 3.326336
0.017504 0.022752 0.035168 43.712479 3.353824
0.017408 0.022880 0.035424 42.625057 3.328288
0.017280 0.022880 0.035392 42.719906 3.321728
0.017216 0.023424 0.035744 42.947006 3.327808
