0.018496 0.026016 0.066528 50.163776 3.372288
0.020000 0.026080 0.065568 48.904770 3.347744
0.018112 0.024064 0.061216 46.539425 3.365248
0.017760 0.024032 0.061664 46.398624 3.361184
0.018016 0.023840 0.061184 44.906689 3.361664
0.017344 0.023168 0.058656 44.432865 3.324416
0.017344 0.022656 0.058368 44.125473 3.342976
0.017568 0.023136 0.059040 44.856319 3.372800
0.017376 0.022880 0.058432 44.810242 3.348288
0.017408 0.023168 0.058624 44.225887 3.355264
0.017376 0.023040 0.058400 45.187168 3.347040
0.017280 0.023104 0.058496 43.996990 3.333920
0.017536 0.022912 0.058432 44.853790 3.347328
0.017248 0.022848 0.058816 44.018047 3.364064
0.017472 0.023328 0.059200 44.736641 3.351232
0.017216 0.023168 0.058688 43.870785 3.343264
0.017504 0.022912 0.058304 44.229473 3.364288
0.017120 0.022944 0.058880 44.360321 3.337536
0.017152 0.022976 0.058592 44.163456 3.322976
0.017536 0.022912 0.058368 44.816257 3.385920
0.017216 0.022912 0.058400 43.648033 3.308256
0.017152 0.022848 0.059168 43.770145 3.336448
0.017344 0.023040 0.058272 44.810974 3.352704
0.017312 0.022912 0.058848 44.170815 3.316864
0.017280 0.023232 0.058336 44.693665 3.342176
0.017216 0.022944 0.058720 44.787903 3.331648
0.019040 0.024416 0.059232 44.209599 3.343968
0.018336 0.024480 0.058592 43.934464 3.354720
0.018816 0.024256 0.058816 45.136192 3.371328
0.018592 0.024160 0.059168 45.131454 3.345504
0.018432 0.023840 0.058688 43.820030 3.303360
0.018688 0.024192 0.058528 44.744671 3.352384
0.018336 0.024096 0.058368 43.964127 3.361920
0.018304 0.024160 0.058944 44.782658 3.322048
0.018528 0.024288 0.058592 44.792255 3.363552
0.018400 0.024064 0.059072 43.936768 3.350368
0.018592 0.024224 0.058400 43.923649 3.302880
0.018624 0.024672 0.058720 44.392639 3.347168
0.018336 0.023808 0.058880 44.026943 3.328064
0.018368 0.024032 0.058720 44.168545 3.334304
0.018624 0.024192 0.058784 44.156128 3.327840
0.018240 0.024064 0.058848 43.737537 3.326592
0.018240 0.023904 0.058656 44.698814 3.358560
0.018656 0.024192 0.058592 44.081440 3.315552
0.018304 0.024032 0.059008 43.867134 3.320256
0.018240 0.024160 0.058752 45.283710 3.366912
0.018688 0.024096 0.058688 44.173599 3.332736
0.018656 0.024384 0.058816 44.154049 3.315616
0.018304 0.023776 0.058784 47.470016 3.355744
0.018592 0.024320 0.058912 43.852352 3.355328
0.018112 0.023744 0.058560 44.911007 3.366752
0.018560 0.024224 0.058784 44.153217 3.333408
0.018656 0.024416 0.058528 44.383488 3.364064
0.018240 0.024064 0.058688 44.501568 3.318496
0.018336 0.023872 0.058496 44.130177 3.333920
0.018912 0.024320 0.058912 44.200127 3.321376
0.018144 0.023680 0.058304 44.804352 3.367584
0.018336 0.023968 0.058720 44.216480 3.338976
0.018720 0.024096 0.058944 44.230751 3.350368
0.018304 0.024512 0.059712 43.718754 3.345664
0.018400 0.023776 0.058720 43.525566 3.330496
0.018688 0.024096 0.058528 43.889599 3.346496
0.018336 0.023808 0.058944 43.745472 3.311616
0.018368 0.024032 0.058816 43.834400 3.347872
0.018656 0.024032 0.058272 46.296864 3.368832
0.018112 0.024000 0.059104 44.236862 3.335104
0.018656 0.024000 0.058592 44.769119 3.357920
0.018560 0.024288 0.059008 45.244225 3.370560
0.018208 0.024160 0.058112 44.788769 3.353696
0.018176 0.023904 0.058720 44.851170 3.367648
0.018688 0.024224 0.059168 43.710625 3.318016
0.018176 0.024096 0.058592 44.817825 3.349792
0.018336 0.023712 0.058912 43.870369 3.337920
0.018784 0.024224 0.058528 44.384895 3.349024
0.018400 0.024608 0.059040 43.806305 3.336800
0.018336 0.024064 0.058720 45.019169 3.337376
0.019456 0.024576 0.058528 44.439777 3.323200
0.019136 0.024320 0.059744 47.569504 3.355808
0.018336 0.023872 0.059008 45.493023 3.361856
0.018496 0.024416 0.058400 44.718178 3.339616
0.018304 0.023808 0.058368 43.778912 3.331776
0.018592 0.024032 0.058656 45.158463 3.359488
0.018784 0.024256 0.058688 44.838593 3.357248
0.018784 0.025024 0.058464 44.240734 3.323296
0.018208 0.023968 0.058080 43.754559 3.339904
0.018656 0.024352 0.058784 44.043648 3.359296
0.018304 0.023776 0.058944 45.652542 3.356704
0.018304 0.023744 0.059040 43.921345 3.315648
0.018816 0.024000 0.058240 47.217918 3.365952
0.018368 0.024320 0.059776 44.203167 3.348928
0.018176 0.023744 0.058496 44.609856 3.334912
0.018784 0.024832 0.058752 43.926239 3.330080
0.018080 0.023680 0.058560 44.622623 3.344992
0.018368 0.023904 0.058688 43.476318 3.324960
0.018464 0.023840 0.059040 43.749058 3.330656
0.018784 0.023904 0.058784 43.742271 3.331456
0.018816 0.024416 0.058432 44.280609 3.339360
0.018688 0.024416 0.058624 44.716766 3.349088
0.018272 0.023680 0.058208 44.213535 3.342144
0.018368 0.024800 0.059200 44.916672 3.339488
0.018656 0.024128 0.058336 43.978943 3.306528
0.018272 0.024288 0.058816 44.121506 3.354912
0.019200 0.024288 0.060416 43.765087 3.331264
0.018624 0.024512 0.058848 44.512321 3.341792
0.018368 0.024192 0.059648 44.173504 3.333088
0.018240 0.024096 0.058848 43.875103 3.324448
0.018496 0.024352 0.058464 44.803265 3.357952
0.018560 0.024544 0.058592 44.747646 3.351040
0.018464 0.023808 0.058656 44.064415 3.351936
0.018656 0.024160 0.058784 44.185471 3.344576
0.019328 0.024928 0.060000 47.537567 3.330016
0.018400 0.023968 0.059104 44.220322 3.344704
0.018528 0.024160 0.058240 45.376926 3.383136
0.018336 0.023968 0.058816 43.975967 3.320192
0.018112 0.023904 0.058752 43.657761 3.332256
0.018688 0.025056 0.058848 44.161663 3.349824
0.018368 0.023904 0.058496 43.882847 3.304832
0.018208 0.024064 0.058720 43.798016 3.323488
0.019040 0.024320 0.059232 44.033825 3.374816
0.018336 0.024128 0.059296 44.739777 3.344800
0.018816 0.024192 0.058688 44.162079 3.355232
0.019328 0.025216 0.058880 43.860352 3.333696
0.018912 0.024640 0.058624 44.007137 3.339520
0.018176 0.024800 0.058880 45.645824 3.344768
0.018624 0.024288 0.058880 44.111008 3.347232
0.018304 0.023904 0.058560 44.158047 3.340352
0.018592 0.024064 0.058816 44.174686 3.347040
0.018688 0.024512 0.058624 46.238880 3.360704
0.018304 0.024224 0.058496 44.095169 3.324960
0.018336 0.023680 0.058976 44.912514 3.344768
0.018688 0.024000 0.058304 43.965569 3.344992
0.018816 0.024896 0.058880 44.260609 3.337792
0.018080 0.023680 0.058560 43.991585 3.340896
0.018784 0.024256 0.058848 45.040993 3.365568
0.018560 0.024064 0.060096 44.978848 3.358112
0.018336 0.024032 0.058752 43.768162 3.325568
0.020096 0.025280 0.059072 43.634590 3.334336
0.018272 0.046016 0.058720 44.206337 3.329856
0.018336 0.023968 0.058400 44.107742 3.339840
0.018784 0.024768 0.058752 44.250080 3.333760
0.018240 0.023680 0.058688 44.169186 3.330848
0.018848 0.024288 0.059136 43.976768 3.330368
0.018976 0.024384 0.058816 43.728001 3.316448
0.018400 0.024352 0.058592 43.741215 3.334112
0.018400 0.023808 0.058464 44.020897 3.346848
0.018528 0.024128 0.058528 43.899071 3.342016
0.018464 0.023680 0.058624 45.242622 3.362368
0.018208 0.024288 0.058784 43.730911 3.325696
0.018464 0.024352 0.058400 44.182655 3.336640
0.018176 0.024288 0.059136 44.737183 3.354816
0.018240 0.024064 0.059136 43.685600 3.324768
0.018624 0.024416 0.058848 43.163200 3.287744
0.019296 0.024640 0.058656 44.215393 3.320480
0.018432 0.024032 0.058624 44.203777 3.355552
0.019040 0.024192 0.058464 44.149345 3.323712
0.018432 0.024608 0.059008 44.043167 3.350016
0.018656 0.023904 0.058432 43.921726 3.312448
0.018592 0.024192 0.058528 43.783489 3.338688
0.018144 0.023744 0.059008 44.195358 3.345312
0.018432 0.024160 0.058656 43.850399 3.325056
0.018752 0.024448 0.058752 45.265152 3.355904
0.018208 0.023904 0.059072 44.905151 3.353504
0.018112 0.023968 0.058464 44.097439 3.326784
0.018624 0.024768 0.058848 45.108158 3.354432
0.018336 0.024064 0.059072 44.192833 3.332928
0.018208 0.024192 0.058560 45.809120 3.379616
0.018496 0.024288 0.059328 43.821632 3.331680
0.018528 0.024032 0.059104 43.722721 3.320256
0.018176 0.023712 0.058624 43.727169 3.337024
0.018752 0.024192 0.058720 44.233536 3.350400
0.021696 0.027936 0.059072 44.200642 3.345088
0.018720 0.024608 0.058912 44.792130 3.322368
0.018464 0.024096 0.058336 43.544319 3.338848
0.018400 0.023904 0.058752 44.775711 3.361824
0.018336 0.023808 0.058976 43.882526 3.359200
0.018688 0.024480 0.058848 44.873215 3.367328
0.018144 0.023808 0.058624 44.121727 3.354176
0.018432 0.023520 0.059008 44.868031 3.334400
0.018784 0.024736 0.058880 44.486336 3.369472
0.018688 0.025088 0.059488 43.908066 3.348000
0.018336 0.023936 0.058432 47.564384 3.329472
0.018688 0.024160 0.058688 44.061474 3.360704
0.018272 0.023680 0.058976 43.334721 3.333760
0.018208 0.023936 0.058976 43.760513 3.336352
0.018592 0.024128 0.058528 44.100033 3.366496
0.018144 0.023968 0.058592 45.299007 3.373856
0.018560 0.024064 0.058368 43.503071 3.334688
0.018656 0.025088 0.059008 45.126881 3.352800
0.018272 0.023584 0.058688 44.160446 3.339776
0.018240 0.024000 0.058688 43.668831 3.340576
0.018464 0.024096 0.059456 43.738785 3.339680
0.018112 0.024032 0.058720 45.217857 3.363360
0.018240 0.024064 0.058208 44.175392 3.347584
0.018496 0.024096 0.058656 44.244865 3.329696
0.018400 0.024608 0.059040 45.426880 3.374720
0.018176 0.024416 0.059232 44.288258 3.344256
0.018592 0.024064 0.058976 44.102367 3.314432
0.018144 0.024128 0.058816 45.218945 3.357440
0.018400 0.023872 0.059168 45.283520 3.386080
0.018496 0.024224 0.058688 43.958176 3.351392
0.018528 0.023776 0.058432 43.763870 3.320192
0.018272 0.024224 0.058624 43.896896 3.330944
0.018816 0.024448 0.058112 43.490528 3.333984
0.018368 0.024160 0.058624 44.183071 3.327776
0.018368 0.023840 0.058528 44.275551 3.338976
0.018752 0.024224 0.058688 43.918369 3.334944
0.018336 0.023968 0.058592 44.234848 3.357504
0.019072 0.024736 0.058528 44.861954 3.351200
0.019136 0.024096 0.058592 45.014687 3.356032
0.018240 0.024128 0.059136 43.933086 3.366976
0.018240 0.023712 0.058368 43.951233 3.332768
0.018720 0.024768 0.058560 44.851360 3.363104
0.018848 0.024512 0.058592 44.897728 3.345216
0.018240 0.024128 0.058688 43.992863 3.341088
0.021056 0.041920 0.058912 43.484127 3.319200
0.018048 0.023808 0.059040 43.740448 3.340640
0.018624 0.023936 0.058432 43.941982 3.353600
0.019136 0.024736 0.059072 44.210720 3.318592
0.018144 0.023744 0.058368 45.025600 3.361824
0.018560 0.025184 0.058720 43.776958 3.337760
0.018656 0.023936 0.058528 44.152096 3.334880
0.018272 0.024032 0.058656 44.148159 3.351488
0.019040 0.024160 0.058976 44.060127 3.356512
0.018816 0.024320 0.058784 47.837345 3.351680
0.018208 0.024416 0.059104 45.206978 3.367328
0.018208 0.023808 0.059008 44.194847 3.363968
0.019008 0.024128 0.058240 45.283394 3.362784
0.018560 0.024608 0.058880 43.772575 3.314912
0.018944 0.024704 0.058656 44.828289 3.337440
0.018720 0.024352 0.058880 44.940895 3.354816
0.018592 0.024000 0.059392 43.713120 3.351424
0.018976 0.024128 0.058944 45.458782 3.359744
0.018592 0.024192 0.058528 43.709087 3.329600
0.018656 0.024096 0.058656 43.833344 3.337120
0.018240 0.024160 0.058208 43.874496 3.302592
0.018624 0.024928 0.058752 44.839870 3.352000
0.018304 0.023936 0.058688 44.261986 3.358624
0.018176 0.023808 0.058368 43.924736 3.352032
0.018720 0.024384 0.058816 44.625278 3.345440
0.018336 0.024288 0.059744 44.220383 3.339456
0.018624 0.024064 0.058464 43.782974 3.323168
0.018752 0.024608 0.058816 43.723297 3.333088
0.018144 0.024000 0.058752 44.658272 3.342112
0.018304 0.024384 0.058464 43.895775 3.326656
0.018560 0.023904 0.058688 43.729279 3.334144
0.018016 0.023968 0.058432 43.908897 3.349280
0.018400 0.023808 0.058784 43.874847 3.354112
0.018880 0.024064 0.059072 44.174110 3.327168
0.018112 0.023648 0.058272 43.878784 3.325824
0.018368 0.024320 0.058560 45.184063 3.361184
0.018496 0.024160 0.058464 43.942783 3.335808
0.018368 0.024768 0.058784 44.252224 3.327392
0.018272 0.024128 0.058400 43.971615 3.341376
0.018624 0.024352 0.058976 45.087711 3.360544
0.018528 0.024096 0.059424 44.852383 3.372416
0.018592 0.023936 0.058656 44.877472 3.328832
0.018720 0.024160 0.058400 45.548286 3.371968
0.018368 0.023680 0.058720 43.828671 3.361568
0.018368 0.023712 0.058336 43.983967 3.341344
0.018528 0.024800 0.058656 43.636543 3.311936
0.018176 0.023776 0.058784 45.890465 3.370624
0.018432 0.023840 0.058880 44.812351 3.350016
0.018752 0.023904 0.058912 44.142815 3.359552
0.018048 0.023968 0.058752 44.178783 3.344864
0.018944 0.024352 0.058336 43.739326 3.324704
0.018624 0.024448 0.058848 44.133953 3.350432
0.018144 0.023744 0.058560 44.209953 3.303712
0.018784 0.024864 0.058816 47.551105 3.324832
0.018560 0.024192 0.058560 44.506016 3.361440
0.018464 0.024096 0.059232 45.260479 3.373792
0.018208 0.023904 0.058816 43.520126 3.306464
0.018912 0.024160 0.059136 44.894241 3.359168
0.018176 0.023904 0.058560 43.937408 3.346144
0.018272 0.023776 0.058624 45.763039 3.372704
0.018624 0.023936 0.058208 44.033825 3.359872
0.018528 0.024128 0.058816 44.764416 3.352896
0.019168 0.024512 0.058368 46.291233 3.365920
0.018592 0.024544 0.059008 43.742527 3.327968
0.018112 0.023904 0.058688 44.356544 3.326688
0.018080 0.023904 0.058656 45.442142 3.355072
0.019168 0.024352 0.058336 44.255074 3.350048
0.018240 0.024000 0.058720 44.161697 3.338656
0.018240 0.023808 0.058528 44.145729 3.315744
0.018720 0.024928 0.058560 45.072544 3.371008
0.018080 0.023904 0.058816 43.702370 3.341888
0.018368 0.023808 0.058816 43.575970 3.299296
0.018688 0.024320 0.059296 43.717793 3.333248
0.018496 0.024064 0.058848 43.947041 3.335840
0.018368 0.024000 0.058144 43.712158 3.331872
0.018432 0.024320 0.058656 44.220703 3.337888
0.018336 0.023904 0.058176 44.825920 3.374944
0.018528 0.024704 0.058976 44.140385 3.363008
0.018816 0.024224 0.058400 45.405281 3.317472
0.018336 0.023744 0.058976 44.312416 3.355776
0.018112 0.045568 0.058848 44.755680 3.354752
0.018656 0.024320 0.058752 44.192768 3.348256
0.018176 0.024096 0.059200 45.754112 3.372000
0.018080 0.023968 0.058720 46.946369 3.353312
0.018432 0.024128 0.058528 44.438110 3.337728
0.018496 0.024960 0.059072 43.898624 3.321408
0.018368 0.023840 0.058272 43.752384 3.323872
0.018592 0.024736 0.058752 44.201023 3.337536
0.018464 0.023648 0.058848 43.677055 3.335360
0.018208 0.024160 0.058688 43.618881 3.310912
0.018752 0.024064 0.058240 44.926559 3.359040
0.018528 0.023872 0.058944 43.743008 3.331584
0.018720 0.024384 0.058784 43.801025 3.323424
0.018496 0.024736 0.058784 44.012032 3.327872
0.018272 0.023808 0.058688 44.386433 3.330432
0.018752 0.024640 0.058848 44.205727 3.349312
0.018208 0.023872 0.059008 44.826015 3.309536
0.018176 0.023680 0.058816 45.208160 3.354272
0.018816 0.024192 0.058496 44.493855 3.317248
0.018496 0.024512 0.059328 43.948223 3.349600
0.018240 0.023872 0.058464 44.428608 3.343808
0.018560 0.024704 0.058624 43.890369 3.312288
0.018240 0.023712 0.058240 43.805569 3.323296
0.018400 0.023872 0.059008 45.787106 3.371136
0.018752 0.024128 0.058848 43.840672 3.348352
0.018432 0.023776 0.058848 44.164192 3.357088
0.018880 0.023968 0.058112 44.347168 3.354688
0.018432 0.024192 0.058720 44.216129 3.324736
0.018272 0.023776 0.058720 44.190559 3.354336
0.018432 0.024352 0.058688 43.711872 3.323712
0.018624 0.024128 0.058432 45.393345 3.375840
0.018304 0.023712 0.058592 44.782017 3.349088
0.018336 0.023840 0.058688 43.736416 3.334432
0.018656 0.024256 0.058400 45.058880 3.363744
0.018368 0.024160 0.059264 43.723167 3.337056
0.018368 0.023872 0.058752 43.919647 3.339904
0.018880 0.024288 0.058624 43.884129 3.313088
0.018368 0.024512 0.058784 44.874561 3.347008
0.018240 0.023680 0.058560 44.016670 3.309280
0.018528 0.024128 0.058688 45.110783 3.339264
0.018272 0.023840 0.059040 44.218018 3.344768
0.018528 0.024224 0.059232 44.826431 3.361856
0.018688 0.024032 0.058208 44.290207 3.334208
0.018112 0.024064 0.058752 44.820992 3.353408
0.018432 0.023616 0.058176 44.788063 3.336896
0.018880 0.024928 0.058528 44.210590 3.343072
0.018400 0.023904 0.058432 43.780704 3.321920
0.018368 0.024000 0.058656 43.483200 3.346272
0.018944 0.024160 0.059168 44.709824 3.362208
0.018560 0.024320 0.059424 43.876450 3.347648
0.018144 0.023936 0.058368 43.988384 3.327712
0.018592 0.024320 0.059168 45.215263 3.333856
0.018848 0.023936 0.058528 44.235489 3.352256
0.018400 0.024512 0.058688 44.457375 3.345408
0.018784 0.024256 0.058528 43.682114 3.296320
0.018240 0.023968 0.058752 45.466785 3.381056
0.018528 0.023680 0.058976 43.931423 3.320448
0.018528 0.024448 0.058816 45.373886 3.363360
0.018304 0.023840 0.058336 44.727585 3.359648
0.018432 0.023808 0.058688 43.775841 3.320832
0.018592 0.024224 0.058496 44.202847 3.342688
0.018240 0.024608 0.058560 44.205120 3.340928
0.018240 0.024192 0.058400 44.778336 3.356864
0.018656 0.024320 0.058784 45.641727 3.383360
0.018528 0.024128 0.059680 43.601280 3.315552
0.018144 0.023936 0.058464 43.578945 3.317344
0.018656 0.024224 0.058848 45.397408 3.347936
0.018400 0.023968 0.058528 44.231487 3.319264
0.018336 0.023776 0.058560 44.848511 3.342784
0.018528 0.024768 0.058848 43.756447 3.347232
0.018336 0.023648 0.058336 44.226753 3.323552
0.018656 0.024192 0.058816 43.834976 3.317536
0.018560 0.024000 0.059104 44.106209 3.321056
0.018144 0.023808 0.058592 46.839615 3.333024
0.018400 0.023936 0.058368 43.928478 3.332544
0.018784 0.024384 0.058528 44.846336 3.334464
0.018336 0.023840 0.058528 44.211681 3.346112
0.018336 0.024448 0.058432 43.727745 3.328864
0.018592 0.024064 0.058720 44.218334 3.358240
0.018656 0.024416 0.059424 43.898560 3.351168
0.018400 0.023744 0.059264 44.766048 3.361984
0.018464 0.024256 0.058624 43.958591 3.328128
0.018432 0.023776 0.058496 44.757118 3.332352
0.018560 0.024000 0.058816 46.913666 3.356032
0.018944 0.024288 0.058720 44.154495 3.332288
0.018176 0.024256 0.059072 44.142593 3.351296
0.018656 0.024352 0.058304 44.089344 3.339776
0.018688 0.024320 0.058752 44.336864 3.361472
0.018432 0.023872 0.058976 44.179905 3.340864
0.018240 0.023776 0.058752 44.227390 3.326560
0.018752 0.024128 0.058080 44.755169 3.372928
0.018464 0.023872 0.059008 44.301792 3.344000
0.018496 0.024000 0.058304 44.244926 3.340448
0.018688 0.024672 0.058656 45.508640 3.382208
0.018496 0.024224 0.059264 44.766434 3.339904
0.018432 0.024000 0.058496 43.891457 3.344512
0.018560 0.024000 0.058720 43.753311 3.330976
0.018112 0.023712 0.058624 45.392864 3.345024
0.018304 0.023680 0.058432 43.545120 3.328928
0.018752 0.024192 0.058528 43.649506 3.328160
0.018144 0.023744 0.058496 43.661793 3.340928
0.018656 0.024672 0.058880 44.105087 3.361920
0.018432 0.023936 0.058176 43.770561 3.323136
0.018272 0.024032 0.058976 44.903744 3.350336
0.018592 0.024000 0.058944 43.873535 3.337920
0.026624 0.030880 0.059904 44.125183 3.348960
0.018336 0.023808 0.058368 44.161823 3.346080
0.018272 0.024096 0.058848 45.090240 3.359232
0.018816 0.024192 0.058304 44.167934 3.325024
0.018656 0.025856 0.059424 44.202721 3.336800
0.018208 0.023872 0.058816 44.787743 3.342080
0.018752 0.024160 0.058656 44.195103 3.338304
0.018560 0.024128 0.059360 43.809441 3.335392
0.018144 0.023776 0.058816 44.153599 3.331328
0.018848 0.024160 0.058432 44.023296 3.323584
0.018400 0.024096 0.058656 43.689026 3.322528
0.018528 0.024032 0.058688 43.890144 3.334272
0.018784 0.024832 0.058752 43.480766 3.324704
0.018176 0.023840 0.058368 43.783104 3.347328
0.018336 0.023712 0.058432 43.871265 3.317888
0.018656 0.023872 0.059200 44.450302 3.336448
0.018144 0.023904 0.058496 43.756542 3.340480
0.018432 0.023872 0.058560 43.979969 3.330464
0.018432 0.024288 0.059104 45.398560 3.350688
0.018624 0.024128 0.059104 44.991615 3.391040
0.018336 0.024480 0.058752 44.101311 3.337248
0.018496 0.024192 0.058336 44.001503 3.330912
0.018240 0.023904 0.058720 44.452095 3.346272
0.018240 0.023744 0.058848 44.463551 3.340192
0.018720 0.024320 0.058464 43.696609 3.314528
0.018208 0.023680 0.058080 44.492928 3.336768
0.018592 0.024032 0.058464 43.900223 3.310656
0.018720 0.024160 0.058656 44.859074 3.360224
0.018304 0.024160 0.058752 43.826561 3.320704
0.018144 0.023744 0.058560 44.197376 3.329376
0.018752 0.024160 0.058752 44.088799 3.335488
0.018304 0.023936 0.058592 44.202370 3.368704
0.018496 0.023840 0.058720 44.712193 3.339040
0.019392 0.024512 0.059072 44.171009 3.332800
0.018496 0.024288 0.059552 44.023842 3.323296
0.018240 0.023776 0.058176 44.138016 3.350592
0.018720 0.024672 0.058496 43.915585 3.339840
0.018400 0.023648 0.058432 44.268353 3.351648
0.018176 0.024096 0.059008 44.240673 3.323616
0.018560 0.024000 0.058944 44.751938 3.368096
0.018624 0.023616 0.058720 45.439102 3.353440
0.018272 0.023712 0.058592 43.846687 3.340256
0.018816 0.024352 0.058560 44.111359 3.343488
0.018400 0.023648 0.058400 44.817410 3.340736
0.018272 0.024576 0.058464 43.709888 3.325568
0.018496 0.024224 0.058048 44.256802 3.344608
0.018368 0.023936 0.058752 43.989376 3.332352
0.018624 0.023968 0.060000 44.784737 3.321632
0.018944 0.024352 0.059328 45.130718 3.350176
0.018464 0.024064 0.059232 44.154114 3.338496
0.018080 0.024192 0.059296 44.793568 3.338144
0.018656 0.023872 0.058656 43.707008 3.320576
0.018496 0.045600 0.058560 44.835873 3.345952
0.018464 0.024192 0.059040 45.166046 3.350624
0.018560 0.024288 0.058464 44.125889 3.344672
0.018688 0.023840 0.058560 44.903458 3.327744
0.018432 0.024160 0.058976 45.122528 3.375328
0.019456 0.024832 0.058368 43.551006 3.353760
0.018304 0.023840 0.058880 43.957695 3.349824
0.018176 0.023776 0.058496 45.320290 3.368544
0.018752 0.024992 0.058944 44.812065 3.327200
0.018400 0.023744 0.058464 44.687744 3.356800
0.018144 0.024096 0.058688 44.169376 3.342176
0.018816 0.023936 0.058944 45.222656 3.362400
0.018368 0.024160 0.059232 44.039169 3.341120
0.018240 0.023840 0.058400 44.717442 3.341952
0.019168 0.024672 0.058784 44.227745 3.333440
0.018624 0.024256 0.058624 44.199230 3.355488
0.018080 0.024512 0.059008 46.892097 3.339776
0.018560 0.024000 0.058112 44.823616 3.370944
0.018208 0.024000 0.059008 43.879681 3.320352
0.018560 0.023936 0.059136 43.960510 3.329344
0.018880 0.024512 0.058720 44.755009 3.354944
0.017952 0.023808 0.058592 44.148064 3.344608
0.018496 0.024384 0.059584 44.812286 3.336896
0.018656 0.024192 0.058464 44.801472 3.363360
0.018336 0.024512 0.059040 45.386082 3.355008
0.018272 0.023680 0.058208 43.948479 3.353728
0.018560 0.024224 0.058592 43.978306 3.338208
0.018432 0.024256 0.059808 43.916672 3.327296
0.018144 0.024224 0.058752 44.205120 3.324384
0.019040 0.024832 0.059040 44.897121 3.349632
0.018336 0.023904 0.058656 44.252735 3.365472
0.018176 0.023840 0.058624 44.187359 3.334656
0.018816 0.024672 0.058816 43.802624 3.352832
0.018432 0.023872 0.058944 43.712734 3.329408
0.018848 0.024224 0.058848 44.763969 3.335680
0.018688 0.024544 0.059328 44.854527 3.346688
0.018336 0.024064 0.058784 44.393761 3.349792
0.017952 0.023840 0.058272 44.195358 3.327168
0.018880 0.024128 0.058688 46.295135 3.354080
0.018272 0.023776 0.058592 44.041248 3.344608
0.018368 0.024480 0.059008 44.177185 3.346752
0.018432 0.023904 0.058208 44.467903 3.348096
0.018464 0.024384 0.059232 44.164894 3.354016
0.018208 0.023744 0.059104 44.778942 3.356832
0.018688 0.024224 0.058752 44.187614 3.347936
0.018080 0.023776 0.058848 43.846943 3.325248
0.018304 0.023872 0.058656 44.218754 3.336224
0.018624 0.024384 0.058208 44.264320 3.312768
0.018592 0.024384 0.058976 44.013950 3.339456
