0.026208 0.036704 0.071424 18.866465 4.188480
0.024480 0.033984 0.071104 18.520351 4.239072
0.023840 0.033664 0.070624 18.445185 4.251360
0.023968 0.034144 0.071328 18.279648 4.240960
0.023968 0.033792 0.070304 17.973215 4.229856
0.022336 0.031008 0.064448 16.863297 4.165888
0.021920 0.030944 0.064128 16.337280 4.168064
0.021888 0.030976 0.064320 16.583521 4.178144
0.021728 0.030976 0.064448 16.621664 4.185152
0.022112 0.031200 0.064416 16.632864 4.163232
0.022016 0.030816 0.063360 16.629696 4.165184
0.022176 0.031200 0.063712 16.689888 4.177632
0.021824 0.030688 0.063392 16.783009 4.172800
0.021760 0.030784 0.063648 16.461376 4.167328
0.022208 0.030592 0.063200 16.776129 4.157568
0.021856 0.031040 0.063840 16.816223 4.167936
0.021920 0.030528 0.063360 16.478848 4.127104
0.022080 0.030752 0.063712 17.110657 4.172576
0.021728 0.030720 0.063616 16.472321 4.142048
0.022016 0.030848 0.063680 16.262943 4.143648
0.021824 0.030816 0.063552 16.196417 4.133248
0.021792 0.030880 0.063712 16.998079 4.166016
0.022048 0.030496 0.063456 16.223072 4.163008
0.021568 0.030912 0.063936 16.913792 4.134496
0.021952 0.030720 0.063520 16.324192 4.163744
0.021888 0.031008 0.063808 16.610945 4.148512
0.024384 0.032192 0.064032 16.188576 4.151456
0.022976 0.032000 0.063872 16.700577 4.154272
0.023264 0.032224 0.063488 16.551680 4.198720
0.022688 0.032032 0.064096 16.372831 4.193408
0.027168 0.035072 0.064384 21.414816 4.114496
0.022944 0.032000 0.064448 16.750401 4.168576
0.022624 0.032160 0.063648 16.987328 4.162720
0.023264 0.031776 0.064096 16.361153 4.132800
0.023168 0.032128 0.063488 16.876480 4.155424
0.022816 0.031840 0.064000 16.101536 4.137856
0.023008 0.031744 0.063520 16.456736 4.165536
0.023168 0.032416 0.063680 16.314720 4.128384
0.022816 0.031712 0.063744 16.597504 4.147744
0.022976 0.032192 0.063744 16.819073 4.183712
0.023520 0.032224 0.063776 16.130016 4.139424
0.023200 0.031808 0.063712 16.746592 4.153760
0.023296 0.032160 0.063680 16.349407 4.159264
0.022976 0.031872 0.064224 16.225920 4.139488
0.023072 0.031776 0.063456 16.228544 4.142144
0.023168 0.031936 0.064160 16.254528 4.129856
0.023136 0.032192 0.063552 16.108929 4.140544
0.022784 0.032128 0.064000 16.108225 4.127328
0.022720 0.031616 0.063424 16.506048 4.147328
0.023776 0.032448 0.063968 16.406368 4.159200
0.022848 0.031904 0.063776 16.422976 4.140512
0.022848 0.032096 0.063616 16.401440 4.138144
0.022912 0.032320 0.063456 16.257215 4.124288
0.022912 0.031968 0.063936 16.154272 4.105344
0.022976 0.031584 0.063456 16.159584 4.127200
0.023392 0.032320 0.063744 16.759359 4.156768
0.023008 0.031840 0.063360 17.003839 4.148704
0.023584 0.031936 0.063616 16.384480 4.149632
0.023360 0.031968 0.063424 16.565504 4.170976
0.023072 0.031872 0.063872 16.178944 4.138528
0.026304 0.034048 0.064800 22.275488 4.130272
0.023200 0.032480 0.064320 17.076000 4.194624
0.022976 0.032064 0.063584 16.619425 4.169984
0.022848 0.032128 0.063840 16.876961 4.163040
0.022880 0.031872 0.063584 17.196672 4.180800
0.023072 0.032064 0.063840 16.433760 4.157952
0.022848 0.031936 0.063456 16.702463 4.167872
0.023488 0.032320 0.063904 16.726015 4.154176
0.022624 0.031904 0.063328 16.533152 4.162048
0.023552 0.032416 0.063776 17.088448 4.151584
0.022624 0.031584 0.063808 16.180864 4.144768
0.023200 0.031744 0.063680 16.696672 4.161760
0.022912 0.031872 0.063808 16.502592 4.151648
0.023040 0.032064 0.064192 16.928160 4.178176
0.022720 0.031776 0.063808 16.187967 4.168736
0.023008 0.032032 0.063872 16.597952 4.141536
0.022976 0.031776 0.063456 15.901344 4.149536
0.023904 0.032064 0.064416 16.723648 4.176032
0.022880 0.031616 0.064128 16.610975 4.167264
0.023712 0.032960 0.064096 16.608383 4.131648
0.022624 0.031648 0.063264 16.616385 4.170688
0.023168 0.031872 0.064192 16.368576 4.153984
0.022688 0.031680 0.063840 16.593792 4.143328
0.023200 0.032384 0.063264 17.235680 4.154592
0.022752 0.031840 0.063392 16.564768 4.126464
0.023936 0.032128 0.063936 16.359264 4.161408
0.022880 0.031680 0.064096 16.521761 4.155264
0.022912 0.031936 0.063712 17.032703 4.162912
0.022656 0.031776 0.063552 16.269472 4.126080
0.029664 0.038752 0.064736 17.114431 4.187360
0.023264 0.032416 0.064128 16.778080 4.166496
0.023136 0.032960 0.064032 16.941631 4.161472
0.023008 0.031808 0.063904 17.393280 4.174848
0.022496 0.031840 0.063648 16.236576 4.146272
0.023040 0.031744 0.063872 16.611551 4.173024
0.023776 0.032032 0.063808 16.719105 4.167776
0.023072 0.031872 0.063520 16.208799 4.158016
0.023136 0.032128 0.063904 16.313280 4.128192
0.022784 0.031840 0.063392 17.223167 4.180224
0.022816 0.032640 0.063712 16.663839 4.171232
0.023072 0.031776 0.063456 16.304129 4.139552
0.022784 0.032320 0.063616 16.891745 4.146048
0.023488 0.031904 0.064928 16.079489 4.128000
0.023136 0.032096 0.063520 16.763872 4.156032
0.023072 0.031840 0.063456 16.741983 4.158752
0.022624 0.031840 0.063776 16.475744 4.139232
0.022816 0.031744 0.063360 16.117825 4.130400
0.023168 0.032288 0.064032 16.355007 4.157600
0.022880 0.031840 0.063328 16.889441 4.165600
0.023168 0.032192 0.064064 16.612831 4.157440
0.022912 0.032096 0.064192 16.995169 4.139520
0.022880 0.032160 0.063808 15.995104 4.138784
0.022624 0.031648 0.063616 16.427135 4.133312
0.023232 0.032128 0.063776 16.565344 4.175488
0.023104 0.031776 0.063712 16.045120 4.140384
0.023104 0.032736 0.063904 16.233568 4.137440
0.023040 0.031936 0.063264 16.314465 4.131552
0.022976 0.031808 0.063616 16.203199 4.146208
0.022848 0.031968 0.063776 16.174273 4.138080
0.030720 0.038752 0.065408 16.756992 4.166112
0.023296 0.032480 0.063840 16.826817 4.142784
0.023392 0.032384 0.064128 16.322399 4.151744
0.023232 0.031744 0.063488 16.238527 4.142848
0.022912 0.032736 0.063712 16.688768 4.146560
0.022848 0.031904 0.063392 16.199808 4.134848
0.023008 0.031872 0.063840 16.499168 4.163424
0.022944 0.031840 0.064032 16.281343 4.132480
0.023424 0.032032 0.063712 16.172256 4.135680
0.023232 0.032096 0.063616 16.287136 4.121056
0.022752 0.031872 0.064064 16.932768 4.179040
0.022656 0.031744 0.063840 16.875360 4.160000
0.023072 0.032608 0.063712 16.779873 4.150976
0.023008 0.031520 0.063200 16.047487 4.145312
0.023264 0.032320 0.063616 16.754335 4.161792
0.022720 0.031584 0.064096 16.746241 4.157888
0.022752 0.032064 0.063680 16.813663 4.152896
0.022944 0.031712 0.063456 16.239552 4.122272
0.023200 0.053824 0.063776 16.227137 4.145952
0.022848 0.031712 0.063392 16.519297 4.137632
0.023296 0.032832 0.063840 16.459583 4.156960
0.022848 0.031776 0.063296 16.190592 4.141152
0.023392 0.031968 0.064064 16.290688 4.130720
0.022624 0.031776 0.064192 16.519680 4.158976
0.023168 0.032160 0.063968 16.208736 4.127328
0.022752 0.032128 0.063488 16.542015 4.169664
0.023552 0.032096 0.063712 16.399103 4.168672
0.023488 0.032384 0.063808 16.463520 4.146144
0.025600 0.034560 0.063936 16.392672 4.167232
0.021984 0.031072 0.063488 16.186176 4.129536
0.026720 0.035840 0.064384 16.822784 4.148224
0.021856 0.030880 0.064608 16.627041 4.153536
0.022240 0.030880 0.063936 16.468737 4.172672
0.022368 0.030560 0.063296 16.157888 4.132576
0.022176 0.030816 0.063616 16.404385 4.150656
0.021760 0.030816 0.063392 16.526592 4.158080
0.021696 0.031552 0.063776 16.399872 4.157408
0.021888 0.030944 0.063456 16.130688 4.154080
0.022016 0.030720 0.063520 16.791649 4.156640
0.022016 0.031008 0.063872 16.443935 4.145792
0.022272 0.030752 0.063552 16.337664 4.158624
0.021920 0.030912 0.063296 16.132256 4.113408
0.021920 0.030720 0.063840 16.397760 4.147584
0.021824 0.031008 0.063232 16.079201 4.153280
0.021920 0.031200 0.063936 16.244064 4.127360
0.022944 0.031168 0.063264 16.312897 4.164192
0.021888 0.030848 0.063744 16.152512 4.120768
0.022144 0.030432 0.064256 16.386368 4.129664
0.021952 0.030848 0.063648 16.433760 4.136768
0.021888 0.030592 0.063520 16.840511 4.160576
0.021824 0.030848 0.063680 17.002625 4.156416
0.022016 0.030656 0.063520 16.684000 4.165248
0.021632 0.031424 0.063968 16.088928 4.144096
0.021728 0.030496 0.063232 16.810976 4.146912
0.021984 0.030880 0.063936 16.094015 4.115136
0.021952 0.030848 0.063776 16.099104 4.111840
0.022080 0.031104 0.063776 16.379520 4.166496
0.021856 0.030848 0.063392 16.351744 4.164320
0.022080 0.030848 0.063680 16.727936 4.168064
0.021856 0.030624 0.063712 16.491199 4.174400
0.027456 0.037504 0.064352 17.079168 4.162464
0.022048 0.031104 0.064000 16.432096 4.136928
0.022144 0.030720 0.064160 16.400543 4.137408
0.022112 0.030496 0.063744 15.989824 4.153824
0.021856 0.030720 0.063680 16.222719 4.132416
0.022176 0.030688 0.063392 16.770817 4.146656
0.021856 0.030944 0.063808 16.137407 4.146080
0.021824 0.030432 0.063328 16.737152 4.150720
0.021920 0.031456 0.063776 16.392256 4.172576
0.021664 0.030528 0.063424 16.257601 4.125280
0.022272 0.031072 0.063520 16.431007 4.167168
0.021760 0.030656 0.063392 16.450111 4.172224
0.021984 0.030784 0.063456 16.719200 4.138624
0.021760 0.030720 0.063392 17.002687 4.201056
0.022048 0.030720 0.063808 16.470816 4.166976
0.022560 0.030912 0.063968 16.650976 4.129632
0.021888 0.031232 0.063968 17.223328 4.152288
0.022144 0.030624 0.063296 16.165407 4.143232
0.022368 0.031072 0.063584 16.134497 4.110240
0.022432 0.030688 0.063936 16.873632 4.149600
0.021792 0.030720 0.063616 17.021376 4.181920
0.022016 0.030624 0.063392 16.532961 4.144128
0.022048 0.030912 0.063648 17.069311 4.151456
0.021728 0.030688 0.063488 16.038113 4.124640
0.022272 0.031264 0.063648 16.235905 4.154688
0.021984 0.030464 0.063520 16.056065 4.143360
0.021728 0.030624 0.064064 16.771872 4.168032
0.022304 0.030400 0.063520 16.005056 4.139104
0.021824 0.030848 0.063680 16.113760 4.154272
0.022016 0.030560 0.063424 16.649471 4.155936
0.028256 0.036352 0.064736 16.944193 4.157024
0.022368 0.031392 0.064256 16.354080 4.164768
0.021888 0.031616 0.063872 16.243616 4.145792
0.022528 0.031072 0.063712 16.438816 4.143328
0.021888 0.031072 0.063392 16.033632 4.133824
0.022176 0.030720 0.063776 16.054337 4.134080
0.022400 0.030880 0.063648 16.271521 4.144640
0.022272 0.030560 0.063168 16.205824 4.120320
0.022400 0.031008 0.063712 16.271072 4.134208
0.022496 0.030592 0.063232 16.375105 4.167776
0.021728 0.031424 0.063328 16.568192 4.170496
0.022016 0.030560 0.063584 16.084385 4.134496
0.022176 0.030752 0.063648 16.149408 4.117536
0.021984 0.030592 0.063680 16.900961 4.164000
0.021888 0.030688 0.063616 16.421633 4.173952
0.022176 0.031264 0.063200 16.062944 4.133824
0.022048 0.030688 0.063840 16.325312 4.141888
0.022112 0.030496 0.063488 16.984833 4.157280
0.021696 0.031392 0.063680 16.659937 4.170464
0.022272 0.030400 0.063200 17.023872 4.163296
0.021952 0.030976 0.063520 17.009567 4.155264
0.022176 0.030496 0.064032 16.254368 4.168640
0.021856 0.030656 0.063776 16.292480 4.165568
0.022752 0.030816 0.063744 16.101791 4.115072
0.022304 0.030880 0.063744 16.488096 4.134944
0.021824 0.030816 0.063264 16.662111 4.174944
0.022112 0.031168 0.063456 16.409248 4.159744
0.021856 0.030752 0.063424 16.439137 4.143712
0.021920 0.030688 0.063488 16.391359 4.147552
0.022016 0.030496 0.063648 16.554655 4.154112
0.027840 0.036608 0.064736 17.010368 4.164448
0.022336 0.031456 0.063808 15.996768 4.142624
0.021984 0.031072 0.063744 16.906816 4.184800
0.021920 0.030880 0.063616 16.634657 4.164416
0.021920 0.031456 0.063904 16.296896 4.136864
0.021856 0.030880 0.063232 16.646976 4.146496
0.021920 0.030752 0.063904 16.218719 4.157920
0.022080 0.030720 0.063712 16.606239 4.147712
0.021568 0.030880 0.063840 16.322720 4.166688
0.021696 0.030592 0.063200 16.625696 4.134688
0.021888 0.030720 0.063968 16.996799 4.153184
0.021984 0.030624 0.063264 16.231552 4.155392
0.022208 0.031392 0.063648 16.350080 4.170912
0.022080 0.030400 0.063424 16.844704 4.146240
0.021984 0.030720 0.063360 16.327711 4.145056
0.021824 0.030560 0.063680 16.102848 4.110208
0.021664 0.030816 0.063616 16.078527 4.138944
0.022048 0.030784 0.063264 16.489536 4.128448
0.022240 0.030752 0.063840 16.475872 4.132480
0.021760 0.030592 0.063424 17.257183 4.168224
0.022208 0.031200 0.063456 16.406784 4.150592
0.022112 0.030656 0.063072 16.668159 4.167456
0.022112 0.030848 0.063616 16.247583 4.135872
0.022304 0.030336 0.063616 16.081633 4.142208
0.021664 0.030656 0.063520 16.351072 4.148704
0.021984 0.030752 0.063264 16.449793 4.162496
0.022048 0.030784 0.063936 16.300287 4.162976
0.021888 0.030624 0.063136 16.163200 4.157728
0.021984 0.031296 0.063872 16.566048 4.162560
0.022432 0.030592 0.063296 16.640415 4.160224
0.027168 0.036224 0.064704 17.213217 4.171936
0.021952 0.031552 0.065312 16.945473 4.142368
0.021920 0.030976 0.063840 17.042751 4.170400
0.022048 0.030688 0.063424 16.249599 4.143584
0.021920 0.031072 0.063520 16.507040 4.140544
0.021760 0.030848 0.063488 16.619713 4.161248
0.021888 0.031072 0.063552 16.013344 4.111840
0.021792 0.030272 0.063040 16.646303 4.180160
0.021728 0.030464 0.063520 16.320320 4.153504
0.021824 0.030432 0.063872 16.139488 4.148000
0.022208 0.030656 0.063456 16.697056 4.149600
0.021888 0.030624 0.063392 16.185823 4.140096
0.022048 0.030688 0.063648 16.592607 4.181632
0.021632 0.030464 0.063264 16.168608 4.154432
0.022112 0.031136 0.063648 16.898081 4.183584
0.021856 0.030432 0.063232 16.913376 4.142880
0.022304 0.030656 0.063552 16.442400 4.173120
0.022304 0.030880 0.064064 16.246048 4.136384
0.022176 0.030656 0.063584 16.700447 4.149408
0.021792 0.030720 0.063360 16.443487 4.161536
0.022048 0.031136 0.063712 17.162848 4.163904
0.022208 0.030464 0.063264 16.643808 4.148352
0.021984 0.031360 0.063648 16.545919 4.146816
0.022208 0.030592 0.063360 16.036736 4.140032
0.021792 0.030752 0.063776 16.363552 4.146528
0.022240 0.051424 0.063776 16.496449 4.145152
0.022208 0.030880 0.063840 16.290752 4.149472
0.021920 0.030752 0.063328 16.965759 4.164512
0.022272 0.030912 0.063712 16.057760 4.126496
0.021760 0.030848 0.063296 16.429792 4.150912
0.026624 0.037184 0.064608 16.728960 4.165728
0.022304 0.031360 0.063936 16.433472 4.151680
0.021696 0.031104 0.063776 16.904160 4.189888
0.021792 0.030848 0.064064 16.207905 4.150944
0.022048 0.030944 0.063936 16.289345 4.141952
0.021728 0.030496 0.063392 16.763456 4.164544
0.021856 0.030912 0.063840 16.175903 4.156288
0.021696 0.030560 0.063232 15.980576 4.130688
0.021952 0.031008 0.063680 16.344225 4.154144
0.022048 0.030592 0.063168 16.657120 4.140192
0.021888 0.030912 0.063616 16.959553 4.163808
0.022080 0.030752 0.064000 16.378080 4.152960
0.021920 0.030784 0.063776 16.244480 4.148096
0.021824 0.030880 0.063296 16.504480 4.163904
0.021664 0.030880 0.063712 16.451296 4.151168
0.022272 0.030976 0.063264 17.227648 4.162176
0.021760 0.031168 0.063456 16.160513 4.125568
0.021984 0.030560 0.063360 16.971424 4.163904
0.022112 0.030688 0.063584 16.282751 4.141440
0.021824 0.030656 0.063776 16.944511 4.144192
0.021920 0.030816 0.063904 17.185856 4.161664
0.021856 0.030816 0.063360 16.098080 4.144608
0.021952 0.030720 0.063712 16.832319 4.178432
0.021824 0.030592 0.063744 16.172447 4.126880
0.021888 0.031328 0.063616 16.018976 4.131744
0.021888 0.030528 0.063456 16.196447 4.140416
0.021760 0.030912 0.063616 16.611679 4.124160
0.021920 0.030496 0.063840 16.379744 4.153824
0.022784 0.031008 0.063392 16.150080 4.137472
0.022368 0.030816 0.063456 16.778208 4.175936
0.027648 0.036928 0.065120 16.268000 4.153216
0.022080 0.031456 0.074400 16.350241 4.140160
0.021824 0.031520 0.063776 16.370081 4.138176
0.021920 0.030528 0.063264 16.341791 4.155744
0.022048 0.030880 0.063936 16.393215 4.141152
0.021920 0.030592 0.063808 16.958336 4.156544
0.022144 0.030752 0.063648 16.664864 4.179648
0.021920 0.030944 0.063232 16.410400 4.147136
0.021888 0.030592 0.063584 16.451168 4.156992
0.022208 0.030528 0.063168 16.576128 4.150208
0.022208 0.031264 0.065248 16.249249 4.124320
0.022176 0.030816 0.063488 16.939392 4.162496
0.022016 0.030944 0.063712 16.883615 4.169280
0.022080 0.030592 0.063744 16.100351 4.108384
0.022240 0.031008 0.063584 16.386080 4.131008
0.021600 0.030688 0.063264 16.660000 4.153760
0.021920 0.030624 0.063712 16.688608 4.152992
0.021984 0.030944 0.063392 16.007200 4.132512
0.021856 0.031424 0.063872 16.884800 4.166912
0.022176 0.030560 0.063264 16.875105 4.152096
0.022304 0.030528 0.063744 16.393824 4.148320
0.022528 0.030752 0.064224 16.770975 4.161024
0.022048 0.030944 0.063840 16.028095 4.096064
0.021824 0.030912 0.063392 16.017696 4.125984
0.022080 0.030880 0.064128 16.656448 4.155328
0.022336 0.030528 0.063424 15.746560 4.121952
0.021856 0.031296 0.063616 17.201599 4.168224
0.021984 0.030720 0.063328 16.717407 4.151552
0.021600 0.031008 0.063616 17.005056 4.162720
0.021856 0.030720 0.063808 16.736160 4.164672
0.026304 0.036160 0.074112 16.989120 4.164096
0.022272 0.031264 0.065024 16.217119 4.168544
0.021984 0.031136 0.064288 17.143167 4.172384
0.021984 0.030560 0.063648 16.367777 4.156992
0.021536 0.031264 0.065344 16.212353 4.138240
0.021600 0.030624 0.063392 16.646561 4.171712
0.022112 0.030880 0.063840 16.367905 4.149728
0.021536 0.030464 0.063744 16.386848 4.137280
0.021984 0.030848 0.063840 16.829184 4.167584
0.022208 0.030528 0.063296 16.970913 4.152768
0.021632 0.030880 0.063936 16.785152 4.158464
0.022240 0.030592 0.063296 16.676001 4.176032
0.022144 0.031424 0.064000 16.361313 4.172640
0.021728 0.030592 0.063392 16.720736 4.169504
0.021792 0.030688 0.063968 16.488512 4.140608
0.022048 0.030528 0.064000 16.521473 4.185600
0.021952 0.030656 0.063712 16.790976 4.152896
0.022240 0.030816 0.063232 16.873823 4.175200
0.022048 0.030976 0.063616 16.407648 4.169280
0.021792 0.030624 0.063488 16.618208 4.175936
0.022016 0.031296 0.063648 16.258465 4.133728
0.022080 0.030592 0.063776 16.426144 4.167904
0.021984 0.030912 0.063904 17.293633 4.181728
0.022240 0.030688 0.065088 16.478687 4.153184
0.022240 0.030720 0.063712 16.762880 4.165440
0.021920 0.030592 0.063488 17.121183 4.150208
0.021824 0.030976 0.063712 16.509600 4.146112
0.021568 0.030720 0.063520 16.127104 4.132928
0.021728 0.031232 0.064032 16.471775 4.159072
0.021824 0.030656 0.063424 16.062912 4.139808
0.027008 0.046592 0.065344 16.785376 4.164160
0.022816 0.031392 0.071072 16.378271 4.150048
0.021728 0.031040 0.063712 16.469280 4.163360
0.021760 0.031648 0.063584 16.216160 4.146848
0.021888 0.030816 0.063552 16.257792 4.112736
0.022112 0.030624 0.063616 16.718945 4.142144
0.022080 0.031168 0.063744 16.809696 4.158272
0.022144 0.030592 0.063232 15.742880 4.115104
0.022272 0.031136 0.063616 16.523232 4.135424
0.022048 0.030656 0.063744 16.370239 4.163360
0.021952 0.030816 0.063616 16.522881 4.162880
0.022176 0.030752 0.063360 16.493343 4.139808
0.022016 0.030976 0.063776 16.223969 4.150944
0.021792 0.030880 0.063424 16.585440 4.165760
0.022016 0.031200 0.064928 16.540319 4.147776
0.021824 0.030720 0.063520 16.848320 4.158944
0.021600 0.030944 0.063776 16.575840 4.166112
0.022176 0.030592 0.063936 17.040895 4.151424
0.021952 0.030752 0.063776 16.439457 4.154048
0.021760 0.030656 0.063424 16.493504 4.146688
0.022240 0.030848 0.063616 17.042463 4.180576
0.021792 0.030880 0.063200 16.474848 4.155840
0.021696 0.031456 0.063776 17.134081 4.184448
0.022144 0.030592 0.063360 16.812511 4.173024
0.022016 0.030528 0.063680 16.142015 4.142624
0.022656 0.030816 0.063840 16.419489 4.177536
0.021888 0.030816 0.063648 16.456961 4.155168
0.021856 0.030656 0.063264 16.217344 4.153216
0.021920 0.032096 0.063808 16.132223 4.129920
0.022112 0.030784 0.063776 16.550177 4.168000
0.026464 0.041024 0.064992 16.305408 4.142176
0.022368 0.031392 0.064384 16.444288 4.158272
0.022080 0.031168 0.064064 16.004831 4.138656
0.021760 0.030720 0.064000 16.643072 4.167328
0.021952 0.030816 0.063680 16.411360 4.154752
0.021920 0.030528 0.063072 16.651808 4.162240
0.022208 0.030816 0.063936 16.301249 4.143008
0.023200 0.030816 0.063392 16.216991 4.141504
0.021952 0.031616 0.064032 16.492704 4.144224
0.022304 0.031840 0.063424 16.266880 4.143328
0.021888 0.031072 0.063744 16.813057 4.142880
0.021792 0.030528 0.064192 16.305696 4.164704
0.022112 0.030784 0.063552 16.389631 4.166144
0.022592 0.031520 0.064000 16.574080 4.153824
0.022400 0.030624 0.063616 16.732096 4.155392
0.022080 0.030880 0.063360 15.682144 4.124736
0.021760 0.031296 0.063552 16.716127 4.153184
0.021984 0.030752 0.063296 16.611135 4.157120
0.022656 0.031008 0.063552 16.987968 4.177248
0.021792 0.030528 0.063776 16.975136 4.150944
0.021952 0.030880 0.063616 16.383039 4.144704
0.021824 0.030592 0.063328 16.464161 4.147456
0.021888 0.030816 0.063104 16.161217 4.147232
0.022016 0.030560 0.063456 16.514624 4.166144
0.022048 0.031296 0.063168 15.896096 4.125184
0.021888 0.030848 0.063040 16.963648 4.142912
0.022144 0.030880 0.063616 16.159168 4.143744
0.021856 0.030752 0.063776 17.251232 4.161088
0.021888 0.030592 0.063456 16.450624 4.168128
0.022592 0.030528 0.063232 16.229343 4.116256
0.035456 0.036992 0.065696 16.340609 4.176000
0.022496 0.031584 0.064256 16.719200 4.151840
0.021920 0.053472 0.063936 16.952671 4.177664
0.021920 0.030560 0.063552 17.159584 4.162336
0.021856 0.030976 0.063680 16.957664 4.156064
0.022048 0.030752 0.063968 16.697599 4.152320
0.021728 0.030720 0.063648 16.822464 4.133888
0.021888 0.030592 0.063168 16.608576 4.162656
0.021792 0.030720 0.063264 16.411104 4.169088
0.022176 0.030496 0.063360 16.775841 4.159200
0.022016 0.031456 0.063648 16.460608 4.166496
0.021952 0.030656 0.062880 16.488480 4.138752
0.021824 0.031040 0.063488 16.164255 4.121536
0.021664 0.030560 0.063840 16.665537 4.142496
0.021792 0.030656 0.063392 16.379711 4.161600
0.022336 0.030624 0.063264 16.845505 4.157248
0.021984 0.030848 0.064064 17.081535 4.129024
0.021728 0.030400 0.063296 16.946720 4.180672
0.021920 0.031104 0.064000 16.455904 4.137504
0.021920 0.030624 0.063520 16.279232 4.137568
0.021920 0.030784 0.063552 16.302784 4.132128
0.021952 0.030752 0.063712 16.126720 4.151232
0.022048 0.030880 0.063680 15.999136 4.127712
0.022016 0.030656 0.063488 17.039072 4.166464
0.021888 0.030528 0.063808 16.771872 4.173504
0.022048 0.030624 0.063488 16.821056 4.178784
0.021952 0.031488 0.063712 16.546656 4.173568
0.021952 0.031008 0.063296 17.034689 4.161248
0.021952 0.030624 0.063296 17.078049 4.148128
0.021984 0.030656 0.063936 16.228992 4.145792
0.027264 0.036416 0.064672 16.842720 4.174144
0.022400 0.031392 0.064064 16.147264 4.132384
0.021856 0.030816 0.064096 16.793983 4.166336
0.022304 0.030464 0.063360 16.191936 4.140960
0.021952 0.031104 0.063648 16.448959 4.166112
0.022208 0.030592 0.063072 16.748159 4.188640
0.022016 0.030976 0.063552 16.765312 4.152064
0.022240 0.030528 0.063648 16.699297 4.167200
0.022336 0.030720 0.063840 16.101984 4.140928
0.022304 0.030688 0.063584 16.510559 4.152896
0.021760 0.030784 0.063712 16.693727 4.133984
0.021952 0.030592 0.063360 16.119936 4.147808
0.021696 0.031200 0.063840 16.596992 4.164608
0.022080 0.030432 0.063360 16.828705 4.166880
0.022016 0.030688 0.063552 16.368959 4.146240
0.021856 0.031040 0.064000 16.194752 4.158784
0.021760 0.030816 0.063232 16.290752 4.163552
0.021792 0.030720 0.063264 16.544001 4.140864
0.021952 0.030848 0.063552 16.555201 4.133920
0.022336 0.030752 0.063520 16.432032 4.164896
0.021920 0.031232 0.063744 16.216225 4.132960
