0.026016 0.031936 40.062336 5.095584
0.025984 0.031232 40.063873 5.163296
0.025632 0.031680 39.768959 5.168896
0.026048 0.031296 39.131519 5.154560
0.023872 0.028768 35.964417 5.111264
0.023424 0.028448 35.922913 5.088576
0.023424 0.028768 35.541729 5.101280
0.023840 0.028448 35.805695 5.079904
0.023936 0.028480 35.846146 5.103616
0.023200 0.028608 35.881088 5.118144
0.023328 0.028192 36.054623 5.123808
0.023552 0.028960 35.589695 5.076512
0.023872 0.028448 35.803650 5.120896
0.023328 0.028192 35.786015 5.088000
0.023392 0.028608 35.582848 5.085984
0.023680 0.028416 35.814945 5.080864
0.023648 0.028448 35.661022 5.136928
0.023392 0.028480 35.883007 5.115616
0.023776 0.028704 35.626015 5.098400
0.023552 0.028864 35.854721 5.113376
0.023424 0.028608 35.790367 5.094496
0.023264 0.028224 35.803295 5.104992
0.023936 0.028224 35.799774 5.116256
0.023680 0.028352 35.846046 5.135360
0.023008 0.028160 35.575710 5.128576
0.023808 0.028448 35.804127 5.103296
0.023328 0.028832 35.834591 5.137472
0.023232 0.028384 35.820450 5.129408
0.023872 0.050400 35.644352 5.092960
0.023360 0.028224 35.814400 5.108736
0.023648 0.028544 35.601566 5.097952
0.023488 0.028256 35.885120 5.119808
0.023648 0.028416 35.617474 5.061408
0.023584 0.028576 35.797279 5.093472
0.023520 0.028768 35.895424 5.101408
0.023584 0.028672 35.690880 5.089696
0.023232 0.028896 35.887711 5.097248
0.023296 0.028256 35.861217 5.102080
0.023616 0.028352 35.614944 5.080800
0.023712 0.028096 35.891201 5.103136
0.023808 0.028320 36.040703 5.130784
0.023840 0.028896 35.641537 5.109728
0.023168 0.028416 35.795551 5.097728
0.023584 0.028416 35.900639 5.081696
0.023360 0.028352 35.612736 5.088032
0.023680 0.028288 35.807552 5.114464
0.023872 0.028416 35.804703 5.087264
0.023232 0.028544 35.863487 5.132640
0.024896 0.029024 35.612576 5.115616
0.024128 0.028224 35.838207 5.110144
0.024032 0.028928 35.677345 5.107104
0.023520 0.028672 35.621822 5.097664
0.023872 0.028832 35.661983 5.079072
