0.023392 0.034240 0.091616 19.714880 4.172224
0.024096 0.034016 0.091776 20.360800 4.186816
0.023840 0.033984 0.090848 19.472448 4.226816
0.024160 0.034208 0.091680 18.463713 4.155296
0.021920 0.030528 0.081216 17.415169 4.164224
0.022304 0.030976 0.081504 17.915392 4.170432
0.022304 0.030464 0.081216 17.864767 4.188288
0.022272 0.030848 0.081760 18.151520 4.175392
0.021696 0.030592 0.081920 17.797312 4.185760
0.026816 0.035968 0.083008 21.966017 4.145920
0.022240 0.031328 0.082144 17.506271 4.174208
0.022080 0.030912 0.081792 17.078815 4.176064
0.022048 0.030400 0.081856 17.646400 4.184800
0.021792 0.030784 0.081920 17.822176 4.173792
0.022336 0.030752 0.081664 18.893057 4.159328
0.022048 0.031328 0.082112 18.258047 4.172096
0.021984 0.030592 0.081312 17.753536 4.173376
0.021984 0.031072 0.081760 17.625120 4.164576
0.021952 0.030752 0.081536 17.297249 4.173952
0.022176 0.031104 0.081664 17.852863 4.190592
0.022112 0.030624 0.081472 17.964319 4.159232
0.021696 0.030688 0.081984 18.006048 4.177440
0.022112 0.030624 0.081536 18.775648 4.178304
0.021952 0.030848 0.082208 17.988577 4.191072
0.022464 0.030688 0.081600 17.628576 4.177216
0.022272 0.030880 0.081696 18.080896 4.187072
0.022688 0.031168 0.082272 17.948160 4.171904
0.021856 0.031040 0.081920 17.705568 4.181248
0.022272 0.030432 0.081792 17.437984 4.196416
0.022080 0.030752 0.082176 18.434208 4.172128
0.022080 0.030496 0.081472 18.200159 4.164800
0.022112 0.030880 0.081856 17.166401 4.195680
0.021984 0.030784 0.081440 17.917824 4.174144
0.021888 0.031008 0.081888 18.036512 4.167392
0.021952 0.030656 0.081536 18.144833 4.174272
0.021920 0.030816 0.081664 17.824512 4.190368
0.021888 0.030752 0.081600 18.310335 4.196448
0.022048 0.030784 0.081728 17.636225 4.173728
0.021984 0.030912 0.081600 18.005024 4.198912
0.028000 0.037216 0.082784 22.048737 4.118176
0.022048 0.031040 0.082304 18.336449 4.174208
0.022080 0.030944 0.081632 17.802015 4.175968
0.021792 0.030784 0.081632 18.037439 4.182048
0.021728 0.031008 0.081728 17.780191 4.206400
0.021696 0.030656 0.081664 17.519104 4.178528
0.021664 0.030752 0.081856 18.108288 4.187552
0.021920 0.030496 0.081312 18.209280 4.169728
0.022016 0.030976 0.081888 18.052769 4.176800
0.022112 0.030528 0.081920 17.822687 4.166592
0.021632 0.030976 0.081760 17.801409 4.184384
0.022080 0.030432 0.081600 18.052320 4.200256
0.021888 0.030944 0.081920 17.869535 4.188864
0.021504 0.030528 0.081248 17.797600 4.174400
0.021600 0.030912 0.081856 17.855871 4.175392
0.021696 0.030912 0.081600 18.032415 4.197760
0.022016 0.030656 0.081600 17.683071 4.165376
0.021792 0.030560 0.081696 17.619072 4.170688
0.021952 0.031008 0.082176 17.316416 4.183168
0.025568 0.034432 0.082400 18.641472 4.180512
0.022240 0.031264 0.081920 18.099136 4.180256
0.022080 0.030624 0.081760 17.379583 4.172736
0.021856 0.030816 0.081888 17.586945 4.169152
0.022112 0.030656 0.081504 17.980928 4.180800
0.021920 0.030752 0.081504 17.798368 4.200416
0.022016 0.030656 0.081344 17.674240 4.190240
0.021888 0.030688 0.082208 17.196863 4.156032
0.021952 0.030560 0.081952 17.888321 4.182912
0.022080 0.030912 0.081696 17.812288 4.177120
0.022048 0.030752 0.081632 18.224480 4.183072
0.027456 0.036608 0.082464 21.934175 4.127264
0.022656 0.031296 0.082240 17.371679 4.173344
0.022112 0.030720 0.081728 18.311745 4.170496
0.021664 0.030528 0.081888 17.976768 4.198240
0.021760 0.030848 0.081408 18.261248 4.185152
0.022592 0.030656 0.081792 18.020191 4.208704
0.022176 0.031008 0.081760 17.878080 4.193120
0.022496 0.030624 0.081728 17.261856 4.174656
0.023040 0.031488 0.082880 16.968416 4.173600
0.021856 0.030400 0.081696 17.735935 4.175040
0.022304 0.030976 0.081664 17.664000 4.187296
0.021632 0.030720 0.081344 17.588064 4.172416
0.022560 0.031232 0.081792 18.114368 4.185536
0.021888 0.030752 0.081504 17.474016 4.165760
0.022016 0.031232 0.081824 18.155329 4.188032
0.021856 0.030496 0.081600 17.579935 4.190368
0.022080 0.030784 0.081696 17.664961 4.173248
0.021984 0.031168 0.081536 17.887169 4.166208
0.021920 0.030592 0.081792 17.948736 4.183616
0.022336 0.030912 0.081088 18.552929 4.197536
0.022048 0.030720 0.081920 18.204576 4.196416
0.022304 0.030496 0.081792 17.933056 4.188768
0.022016 0.031392 0.081728 17.550465 4.195584
0.022144 0.030528 0.081760 18.338240 4.195936
0.021952 0.030720 0.081664 17.805664 4.192256
0.021728 0.030560 0.081920 17.628609 4.190816
0.021664 0.030784 0.081472 18.263712 4.187392
0.021728 0.030592 0.081280 17.908257 4.170176
0.022048 0.030848 0.081888 17.653473 4.184672
0.021856 0.030560 0.081184 17.809088 4.160704
0.027328 0.037504 0.082944 22.232256 4.158880
0.022176 0.031584 0.082208 18.235968 4.173568
0.021728 0.031200 0.082112 18.077185 4.154912
0.022464 0.031296 0.082560 17.968927 4.189120
0.022048 0.030624 0.081856 17.401953 4.175296
0.022016 0.030592 0.081600 17.498177 4.166144
0.021856 0.030784 0.081856 18.087776 4.160832
0.021984 0.030816 0.081824 18.140097 4.162432
0.021600 0.031424 0.081248 17.228352 4.200832
0.022624 0.030400 0.081408 18.035521 4.176224
0.021632 0.030496 0.081856 18.144545 4.177824
0.022016 0.030560 0.082016 17.568289 4.188512
0.022144 0.031008 0.081632 18.119392 4.162304
0.021536 0.030592 0.081248 17.839968 4.200160
0.022016 0.031232 0.081728 18.486401 4.192256
0.021728 0.030528 0.081664 18.276384 4.156768
0.021920 0.031264 0.081824 18.094015 4.184864
0.021952 0.030592 0.081216 17.786112 4.163680
0.021952 0.030496 0.081824 18.135233 4.197504
0.021888 0.030592 0.081696 17.675743 4.193920
0.021856 0.030688 0.081952 18.089855 4.176928
0.021824 0.030688 0.081248 17.746401 4.171232
0.021632 0.030752 0.081888 18.207199 4.174624
0.021664 0.030944 0.081376 17.679840 4.202368
0.022144 0.031552 0.081472 17.898720 4.208128
0.021856 0.030528 0.081504 17.830816 4.198400
0.021856 0.030912 0.081856 17.712992 4.193632
0.021792 0.030720 0.082432 17.302273 4.172928
0.022080 0.030656 0.081568 17.832447 4.178048
0.022240 0.030624 0.081536 17.946976 4.201600
0.024352 0.033568 0.083232 18.004448 4.165792
0.022496 0.031040 0.081568 18.132544 4.176896
0.022112 0.031456 0.082208 18.029408 4.198176
0.021920 0.030624 0.081344 18.114944 4.149408
0.021856 0.031040 0.081760 18.141279 4.191072
0.021856 0.030432 0.081792 17.581087 4.160256
0.022592 0.030560 0.081888 18.038048 4.190880
0.021952 0.030688 0.081632 17.456608 4.181952
0.021824 0.052608 0.081888 17.590912 4.185888
0.021888 0.030784 0.081376 18.466400 4.188256
0.022080 0.031264 0.081472 17.785280 4.188480
0.022048 0.030720 0.081440 17.978048 4.179936
0.022144 0.030720 0.081728 18.301279 4.184128
0.021792 0.030624 0.081792 17.511007 4.188512
0.022272 0.031232 0.081664 17.364832 4.180288
0.021728 0.030624 0.081344 18.056032 4.162944
0.022112 0.030912 0.081856 18.834784 4.164896
0.022336 0.030464 0.081856 17.505760 4.171456
0.022240 0.031392 0.081920 17.874752 4.164864
0.022464 0.030336 0.081696 18.367424 4.181056
0.022080 0.030912 0.081600 17.794752 4.187072
0.021824 0.031072 0.082080 18.233889 4.203232
0.021792 0.030624 0.081472 17.687904 4.201728
0.022336 0.030624 0.081088 17.355841 4.151520
0.022336 0.030752 0.082176 18.065023 4.187552
0.022208 0.030560 0.081280 18.422016 4.189344
0.021856 0.031392 0.081728 18.042400 4.173856
0.022112 0.030784 0.081920 17.580704 4.167520
0.022048 0.030656 0.081376 17.850657 4.201088
0.021728 0.031072 0.081952 17.565952 4.193056
0.023872 0.033760 0.082656 18.201281 4.165664
0.021952 0.031040 0.081824 18.196192 4.173472
0.021920 0.030816 0.081984 17.630495 4.171424
0.021952 0.030656 0.081248 17.215521 4.187776
0.021952 0.031168 0.082080 18.101728 4.152224
0.022080 0.030592 0.081280 17.554079 4.176896
0.021952 0.031424 0.082080 17.797728 4.182688
0.022368 0.030656 0.082016 18.260736 4.172032
0.022656 0.030752 0.082144 18.019457 4.187936
0.021952 0.030624 0.081728 18.074432 4.205120
0.021920 0.030816 0.081760 17.565952 4.171968
0.021696 0.030944 0.081472 18.560192 4.158752
0.022048 0.031456 0.081600 18.543039 4.174944
0.021696 0.030592 0.081632 17.572001 4.179136
0.021984 0.030752 0.082048 17.318592 4.166688
0.022208 0.030400 0.081760 18.235201 4.188352
0.021952 0.030784 0.081760 18.086784 4.186624
0.021888 0.030784 0.081472 17.398081 4.191712
0.022016 0.030688 0.081664 17.794271 4.191424
0.022048 0.030464 0.081632 18.480127 4.169664
0.021856 0.031232 0.081760 18.139008 4.184064
0.021856 0.030560 0.081504 17.585567 4.162432
0.021664 0.030656 0.081760 17.994144 4.175488
0.021920 0.030816 0.081856 17.732191 4.182784
0.022080 0.030688 0.081888 18.277439 4.174144
0.022048 0.030688 0.081504 17.518112 4.178080
0.021920 0.031008 0.081632 18.218559 4.170912
0.021696 0.030528 0.081472 17.450144 4.166624
0.021888 0.031424 0.081568 18.152544 4.203456
0.021696 0.030688 0.081664 18.483999 4.209120
0.024416 0.032608 0.082592 17.628927 4.184640
0.022400 0.031072 0.082528 18.025087 4.167264
0.021920 0.031040 0.081664 18.520449 4.172576
0.021920 0.030848 0.081824 17.568577 4.179392
0.021760 0.030432 0.081920 17.321760 4.181440
0.022176 0.030752 0.081504 18.190720 4.156128
0.022176 0.031264 0.082336 17.385088 4.163392
0.021888 0.030464 0.081504 17.965536 4.158400
0.021760 0.031040 0.081792 17.418943 4.179200
0.021888 0.030528 0.081568 17.280256 4.171104
0.022592 0.030720 0.082080 17.248384 4.193952
0.022336 0.030528 0.082016 18.346848 4.175968
0.021824 0.030784 0.081760 17.878464 4.190240
0.021760 0.030720 0.081312 17.861984 4.172224
0.021888 0.031168 0.081728 17.219744 4.180416
0.022208 0.030496 0.081728 18.074432 4.189888
0.022240 0.030496 0.082080 18.006048 4.190400
0.021728 0.030592 0.081888 17.598080 4.172672
0.021856 0.030976 0.081728 18.180449 4.183072
0.021984 0.030816 0.081312 17.757376 4.181248
0.021568 0.030816 0.081920 17.814144 4.177760
0.021696 0.030624 0.081536 17.229759 4.171776
0.021952 0.031136 0.081536 18.097471 4.151040
0.021952 0.030656 0.081600 17.250113 4.167328
0.021952 0.030656 0.081632 17.844608 4.193376
0.021856 0.030720 0.081792 18.107201 4.160448
0.021664 0.030720 0.082048 17.667233 4.184192
0.021728 0.030784 0.081600 18.078432 4.169472
0.022048 0.030752 0.081728 17.800224 4.181664
0.022112 0.030624 0.081536 17.896896 4.168864
0.024256 0.034176 0.082560 18.179935 4.189120
0.021984 0.030976 0.081888 18.190144 4.176032
0.021856 0.030816 0.082144 17.930401 4.172576
0.021888 0.030624 0.082272 18.072289 4.171424
0.022080 0.030624 0.081888 17.408001 4.163232
0.022080 0.030880 0.081024 17.719999 4.182496
0.021824 0.030752 0.081920 17.663233 4.192064
0.021632 0.030528 0.081440 17.669184 4.177920
0.022304 0.031584 0.082176 17.497791 4.164160
0.022144 0.030752 0.081440 17.842720 4.177120
0.022048 0.030688 0.081536 17.171713 4.183584
0.021760 0.030688 0.082016 17.418528 4.178656
0.022048 0.030752 0.081600 18.517120 4.170432
0.021728 0.030784 0.081536 17.938272 4.176224
0.022112 0.030976 0.081600 18.062401 4.165440
0.021696 0.030656 0.081536 18.353409 4.190016
0.021856 0.031136 0.081760 17.399008 4.169120
0.021888 0.030720 0.081344 17.560736 4.159072
0.021856 0.030592 0.081536 18.499968 4.164320
0.021888 0.030624 0.081728 17.545696 4.186368
0.022240 0.030592 0.081792 17.228319 4.192736
0.021856 0.030688 0.081312 18.477856 4.162304
0.022048 0.030656 0.081504 18.044031 4.164608
0.022016 0.030496 0.081312 18.880960 4.145184
0.022048 0.031168 0.082048 17.035488 4.176320
0.022240 0.030304 0.081376 18.220320 4.152256
0.022048 0.030880 0.081952 18.507008 4.188800
0.021568 0.030528 0.081728 17.812416 4.208864
0.021728 0.030656 0.081600 17.577791 4.176480
0.022048 0.030464 0.081536 18.068384 4.189920
0.024096 0.032992 0.083008 17.982624 4.184192
0.021856 0.030752 0.082176 17.957279 4.176288
0.022048 0.031392 0.082016 18.433311 4.159072
0.021728 0.030752 0.081632 18.233248 4.184192
0.021600 0.030656 0.081728 18.491680 4.210048
0.021952 0.030656 0.081824 17.346945 4.165824
0.021984 0.030816 0.082176 17.238752 4.177248
0.021792 0.030752 0.081600 17.671265 4.175648
0.021792 0.030624 0.081728 18.294880 4.174272
0.021632 0.030656 0.081600 18.550272 4.161440
0.022144 0.031296 0.081568 17.047392 4.183008
0.022080 0.030464 0.081632 17.602400 4.190080
0.021568 0.030880 0.081920 17.904064 4.197760
0.022080 0.030336 0.082176 18.136543 4.177280
0.021984 0.031008 0.081792 17.326015 4.187232
0.022176 0.030656 0.081120 18.055777 4.212864
0.022112 0.030912 0.081920 18.037439 4.182112
0.021952 0.030624 0.081248 18.110271 4.177888
0.021856 0.031264 0.081760 17.578337 4.191200
0.021824 0.030656 0.081472 17.981377 4.184064
0.022080 0.030656 0.081920 17.146751 4.183840
0.022016 0.030560 0.081856 17.835232 4.184064
0.022112 0.030784 0.081824 18.092512 4.189696
0.021536 0.030688 0.081344 18.450815 4.175328
0.021760 0.030752 0.081664 18.020479 4.177024
0.021760 0.030432 0.081344 18.227072 4.219392
0.022240 0.031008 0.081696 18.479391 4.162144
0.021696 0.030528 0.081376 17.736511 4.191392
0.021888 0.030752 0.081760 17.864449 4.157472
0.022016 0.030816 0.081824 18.182079 4.187904
0.024000 0.033696 0.082880 17.670977 4.176640
0.021824 0.030752 0.081920 18.255264 4.188928
0.022016 0.030656 0.081792 17.961632 4.171008
0.021664 0.030752 0.081792 18.207296 4.186272
0.021984 0.031200 0.081888 18.030815 4.175936
0.022048 0.030496 0.081280 17.672928 4.171808
0.021888 0.030656 0.081632 17.030497 4.178592
0.022176 0.030560 0.081792 17.624640 4.189440
0.021920 0.030656 0.081664 18.360449 4.163680
0.021920 0.030752 0.081568 18.594496 4.185408
0.021888 0.030816 0.081504 18.126207 4.170720
0.022112 0.030880 0.081024 17.733791 4.175488
0.021536 0.030976 0.081696 17.618784 4.172672
0.022272 0.030560 0.081216 18.214399 4.191168
0.021568 0.030720 0.081600 17.811329 4.178272
0.021856 0.052896 0.081952 17.241505 4.168192
0.021952 0.030816 0.081664 16.991585 4.187968
0.022112 0.030528 0.081280 18.124096 4.159616
0.022400 0.030752 0.081696 18.057119 4.191136
0.021760 0.030432 0.081440 17.835487 4.173952
0.021728 0.031136 0.081632 17.734465 4.203712
0.021760 0.030528 0.081600 17.553535 4.176480
0.022080 0.030592 0.081856 17.926304 4.169024
0.021600 0.030720 0.082176 17.618336 4.172928
0.022144 0.030624 0.081632 17.069504 4.183136
0.021824 0.030496 0.081088 18.046783 4.189632
0.021888 0.030752 0.081760 17.956192 4.197280
0.021984 0.030464 0.081568 18.075552 4.170688
0.021984 0.031168 0.081568 18.217695 4.201856
0.021920 0.030656 0.081536 17.792831 4.175680
0.024384 0.033280 0.082752 17.167233 4.177760
0.022016 0.030912 0.082208 17.935425 4.180512
0.021664 0.030944 0.082048 17.466976 4.182016
0.021696 0.030656 0.081504 18.487713 4.177696
0.022304 0.030688 0.081792 17.798431 4.200544
0.021856 0.030688 0.081728 17.624449 4.196896
0.021600 0.031232 0.081888 17.603296 4.183008
0.021856 0.030656 0.081888 18.548672 4.170656
0.021856 0.030784 0.081856 17.351200 4.184096
0.021984 0.030688 0.082080 17.965088 4.179904
0.021856 0.030816 0.081664 18.001728 4.168416
0.022048 0.030496 0.081632 17.508545 4.190368
0.022304 0.030592 0.081792 18.421696 4.186208
0.021888 0.030432 0.081376 18.166689 4.195488
0.022048 0.031776 0.082112 17.967424 4.174336
0.022208 0.030720 0.081312 18.150305 4.188352
0.021664 0.030592 0.081728 18.032608 4.187296
0.021920 0.030624 0.081696 18.533119 4.187232
0.021984 0.030752 0.081760 18.357824 4.192512
0.021824 0.030464 0.081120 17.645569 4.164704
0.021696 0.030720 0.081856 18.059809 4.177504
0.021792 0.030592 0.081408 17.828833 4.167936
0.021696 0.031200 0.081632 17.884607 4.186080
0.022304 0.030688 0.081504 17.555424 4.194336
0.022208 0.030656 0.081568 17.376801 4.174912
0.022144 0.030496 0.082464 17.323488 4.171424
0.021792 0.030592 0.081696 17.857887 4.186496
0.021824 0.030688 0.081536 18.071775 4.203104
0.021600 0.030912 0.081856 17.801792 4.188640
0.022016 0.030592 0.080896 17.640673 4.177312
0.024096 0.033824 0.082496 18.168192 4.152224
0.021792 0.030752 0.081696 17.436577 4.206592
0.021888 0.030656 0.081984 18.072737 4.153120
0.021952 0.030720 0.081888 18.070272 4.174816
0.021984 0.030816 0.081984 17.605536 4.188864
0.021600 0.030720 0.081344 17.773664 4.175296
0.021696 0.030784 0.081728 18.056480 4.177088
0.022016 0.030400 0.081408 18.264929 4.172224
0.021728 0.031040 0.081888 18.247393 4.161632
0.022080 0.030560 0.081472 17.872320 4.168832
0.021984 0.030688 0.081632 17.249727 4.142368
0.021856 0.030656 0.081856 18.165600 4.178272
0.021920 0.030560 0.081696 17.073792 4.173248
0.021952 0.030560 0.081120 17.775265 4.157408
0.021952 0.030752 0.081728 18.059937 4.180896
0.022144 0.030624 0.081600 17.882591 4.177504
0.021824 0.031200 0.081472 17.337280 4.194848
0.021952 0.030496 0.081216 18.196064 4.166944
0.021664 0.030752 0.081696 17.255424 4.161888
0.021920 0.030432 0.082080 17.840416 4.182336
0.021632 0.031040 0.081856 17.697344 4.172640
0.021952 0.030464 0.081440 17.735680 4.178464
0.022048 0.030688 0.081664 17.811071 4.193280
0.021824 0.030496 0.081280 17.422497 4.200672
0.022240 0.031296 0.081600 17.949951 4.185536
0.021952 0.030688 0.081504 17.580992 4.195744
0.022016 0.030720 0.081504 18.169184 4.191392
0.022112 0.030528 0.082048 18.880417 4.176096
0.022112 0.030944 0.081760 17.243328 4.179616
0.021792 0.030752 0.081344 18.934143 4.180704
0.023648 0.033024 0.082880 18.262272 4.197280
0.021728 0.030720 0.081664 18.361696 4.192832
0.022112 0.031584 0.082144 17.833408 4.194784
0.021984 0.030528 0.081792 17.346336 4.197760
0.021696 0.030656 0.081760 18.512993 4.180064
0.022304 0.030720 0.081920 17.502176 4.166240
0.022240 0.030656 0.081472 17.158079 4.183808
0.022112 0.030784 0.081632 18.262815 4.200992
0.021760 0.030880 0.081760 17.636225 4.183424
0.021728 0.030560 0.081504 17.401152 4.167744
0.022048 0.031040 0.081568 17.789120 4.163808
0.021952 0.030560 0.081568 17.667040 4.175904
0.021952 0.030656 0.081696 17.889120 4.170880
0.021856 0.030432 0.082080 17.676128 4.181696
0.021760 0.030784 0.081472 17.613953 4.174432
0.021952 0.030592 0.081376 17.919008 4.181824
0.021888 0.030624 0.082112 18.486336 4.181440
0.021824 0.030784 0.081344 18.440672 4.206272
0.021760 0.030880 0.081632 17.035488 4.181440
0.022432 0.030528 0.081248 17.556095 4.160576
0.021856 0.030720 0.081984 17.708351 4.184576
0.021792 0.030432 0.081888 17.924320 4.171680
0.021664 0.030624 0.081472 18.615040 4.171936
0.021856 0.030688 0.081632 17.317345 4.172832
0.022016 0.030816 0.081664 18.086817 4.198400
0.021888 0.030400 0.081248 17.477728 4.183360
0.022080 0.031296 0.081632 18.255297 4.179040
0.021600 0.030560 0.081440 17.833344 4.193568
0.021856 0.030400 0.081568 18.239424 4.194080
0.021696 0.030464 0.081856 17.562624 4.177856
0.024032 0.033216 0.082848 18.281055 4.190656
0.022464 0.030720 0.081824 17.675392 4.165696
0.021824 0.030880 0.082016 17.555519 4.177728
0.021952 0.030624 0.081152 18.475807 4.172352
0.021760 0.031328 0.081664 17.926529 4.182560
0.021792 0.031008 0.081728 17.807775 4.184384
0.021856 0.030848 0.081728 18.074593 4.189184
0.021888 0.030688 0.081472 18.174561 4.197856
0.021664 0.030720 0.081760 17.801825 4.171616
0.021696 0.030624 0.081280 17.937408 4.181408
0.021792 0.030656 0.081696 17.936928 4.169824
0.021952 0.030720 0.081600 17.681280 4.182144
0.021856 0.031200 0.081696 18.080736 4.186848
0.021856 0.030560 0.081568 17.999456 4.180096
0.021984 0.031136 0.081600 18.316095 4.180928
0.021632 0.030400 0.082016 17.911615 4.170816
0.022208 0.030816 0.081664 17.620352 4.177056
0.022048 0.030432 0.081088 17.353792 4.163456
0.022048 0.030720 0.081664 18.125824 4.173984
0.021664 0.030528 0.081216 18.184481 4.179456
0.021760 0.031168 0.081664 17.376608 4.180032
0.021824 0.030432 0.081568 18.207487 4.164384
0.021888 0.030624 0.081664 18.132799 4.169792
0.021760 0.030400 0.081728 17.696512 4.156224
0.022144 0.030656 0.081792 17.851295 4.164992
0.021920 0.030496 0.081248 17.736320 4.167488
0.021984 0.030816 0.081472 17.596895 4.200576
0.022400 0.030528 0.081216 17.876320 4.175456
0.021632 0.031360 0.081856 17.498112 4.154816
0.021952 0.030752 0.081440 17.783136 4.173984
0.024448 0.033376 0.082624 17.976065 4.190080
0.021664 0.031040 0.082368 17.856001 4.183424
0.022176 0.031104 0.081760 18.216991 4.180416
0.022528 0.030944 0.082080 17.416384 4.167488
0.021920 0.030656 0.081216 17.956575 4.152640
0.022144 0.030592 0.081376 18.453568 4.181856
0.021632 0.031616 0.081760 18.464449 4.177888
0.022176 0.030560 0.081536 18.032097 4.197184
0.021888 0.030560 0.081632 17.068512 4.187264
0.021952 0.030816 0.081696 17.736448 4.164000
0.021824 0.030848 0.081600 17.931553 4.154848
0.021792 0.030528 0.081504 18.145536 4.173216
0.022176 0.030592 0.082016 17.977888 4.159456
0.021952 0.030624 0.081312 17.274689 4.162400
0.021856 0.031200 0.081920 18.053951 4.174112
0.021568 0.030592 0.081408 18.343328 4.175040
0.022112 0.030720 0.082016 17.443008 4.179776
0.021856 0.030656 0.081632 17.234655 4.187808
0.021920 0.030592 0.081792 18.121792 4.170752
0.022432 0.030624 0.081760 17.936001 4.167040
0.021760 0.030720 0.081600 17.287968 4.189344
0.021984 0.030784 0.081440 17.681791 4.186816
0.022016 0.053120 0.082048 18.001568 4.190816
0.021984 0.030432 0.081344 18.268513 4.192032
0.022176 0.030592 0.081760 17.738720 4.187328
0.021888 0.030624 0.082048 17.258144 4.159584
0.021952 0.030816 0.081536 17.803616 4.177760
0.021984 0.030752 0.081760 17.643328 4.174208
0.021632 0.030880 0.081632 17.343489 4.191712
0.021824 0.030432 0.081312 17.294527 4.160928
0.024000 0.034688 0.082560 17.983423 4.166880
0.021632 0.030784 0.081920 17.608480 4.158368
0.021760 0.030816 0.081824 17.704256 4.186304
0.022080 0.030624 0.081728 18.739904 4.172544
0.021888 0.030752 0.081728 17.445984 4.220992
0.021952 0.030688 0.081664 18.287104 4.196576
0.021856 0.030752 0.081600 17.497313 4.196928
0.021568 0.030400 0.081472 18.326591 4.183392
0.021952 0.031168 0.081920 17.083584 4.167680
0.022272 0.030432 0.081824 17.538752 4.178240
0.022592 0.030464 0.081792 18.046432 4.171968
0.021600 0.030752 0.081760 17.617537 4.188288
0.022368 0.030720 0.082080 17.785568 4.153696
0.022400 0.030624 0.081344 17.681120 4.187904
0.021920 0.030944 0.081408 17.318239 4.178368
0.022080 0.030368 0.081408 17.264128 4.169504
0.021984 0.031264 0.082176 18.007263 4.162080
0.021600 0.030816 0.081376 17.931841 4.170048
0.021856 0.030528 0.081600 18.074112 4.177504
0.021760 0.030528 0.081952 17.227488 4.206208
0.021728 0.030720 0.081952 18.123137 4.152416
0.021728 0.030720 0.081344 17.941856 4.149824
0.022112 0.030592 0.081664 17.889471 4.165696
0.021760 0.030464 0.081184 17.403616 4.182784
0.021984 0.031296 0.081824 17.164320 4.178528
0.021760 0.030560 0.081952 17.952032 4.184416
0.021696 0.030688 0.081600 17.533152 4.167808
0.022048 0.030720 0.082048 17.616961 4.147200
0.022080 0.030944 0.082016 17.853409 4.164416
0.022016 0.030560 0.081280 17.704865 4.200672
0.024352 0.033440 0.083104 17.815264 4.189760
0.021824 0.030880 0.081760 17.437120 4.190144
0.021728 0.031296 0.081952 17.028448 4.182592
0.022048 0.030688 0.081760 17.483488 4.171808
0.021824 0.030720 0.081536 18.338207 4.200960
0.022112 0.030528 0.081824 17.759935 4.195392
0.022272 0.030976 0.081792 17.842848 4.171296
0.022432 0.030624 0.081152 18.471329 4.167936
0.021920 0.030816 0.081568 18.471104 4.175232
0.021888 0.030464 0.081664 17.984896 4.167104
0.021824 0.031136 0.081920 18.300703 4.167584
